6323
6597
6676
6351
7804
8383
9922
11814
7275
7436
8040
6745
6683
8438
11211
6822
9724
11393
7142
8740
11452
11138
8018
16653
8543
17111
6150
10961
11605
7914
7072
12831
7538
7027
10386
14776
9288
11291
8735
12858
13370
13856
8828
15365
13059
10965
6788
7704
15667
16150
14234
12172
12514
12379
17122
17099
15855
16912
15041
16824
15959
9025
7000
13704
8664
17705
9735
15828
17148
9537
15602
14777
17146
10245
12598
8540
18531
16177
14670
12294
16210
11872
15801
12673
17378
13621
14223
16574
16522
8559
15184
15677
12224
11972
17382
10554
16428
15277
9462
8571
17285
12125
12785
10557
17256
8430
13355
15568
13247
12036
12448
6533
14646
9409
8478
14904
11248
14195
16005
15471
16736
16917
17277
17505
12929
17024
12303
16588
17661
13772
12972
17352
15709
16934
13056
5482
12627
16418
10868
12530
13473
10699
17533
15133
15687
11302
18527
21457
15467
21770
16890
17647
20694
12964
18805
19744
18714
18960
14795
16081
1465
22558
18874
18444
13816
12902
9185
15772
12167
16348
20041
8237
21480
13181
13481
18712
13447
15430
14737
4393
12688
8358
14362
12119
10496
7837
12912
20643
13149
6897
14227
16323
12374
10905
8226
7207
16954
17527
12689
12308
13438
16622
13651
15381
17143
21148
18547
12521
14071
16868
10857
8624
14084
7380
16559
10866
17963
16654
20537
20507
12503
19204
12657
15636
20858
18663
7378
13670
21488
15285
23268
17429
17909
14482
23616
20218
19272
23269
19251
20849
23047
22809
23288
20750
18167
23045
18183
18976
22250
23618
27803
19734
18407
21949
15235
19957
23475
28476
15103
18262
16564
15624
25968
23264
25366
20960
18998
25925
19465
18610
20676
23964
23067
20518
19683
19687
13956
22183
15581
20534
22238
22433
18781
20517
16823
16319
13125
23226
16480
21616
19306
19782
20122
27873
21400
18226
24625
18812
20562
29189
13307
27356
22510
27353
25334
18607
26115
23445
27508
17420
22966
20671
20561
23779
16783
29244
18830
15941
22160
26561
15575
20563
28472
27477
20536
22519
27343
26551
21653
18611
23587
34759
18620
28438
21076
21287
23928
23791
23961
20266
21167
24412
20265
22355
24681
24242
24793
24005
28025
28440
20767
26038
26160
20392
23808
24060
22390
24124
22799
27855
28249
29579
27982
29276
24691
29187
20682
26529
20906
27089
26929
27613
22367
24105
25794
25530
20989
28033
24298
24214
33623
28518
24340
24623
24576
26668
26935
26236
27035
23855
24306
27576
26474
28722
25864
24605
27475
27562
21026
26803
29438
35023
24516
25564
27585
35431
31363
33697
32880
33616
25390
27498
29647
27710
29334
27228
26078
31470
33904
30268
31784
27345
34666
30305
30006
35112
33716
33831
35414
34575
33853
34173
30820
32712
31612
28276
30670
28802
30163
33054
33879
34980
31093
34244
31475
26327
30015
33434
25494
28738
31068
24754
33844
31728
28456
31878
31792
31863
33199
25231
30769
34566
30665
34177
30803
26317
34452
31085
33838
34477
34438
30302
28439
34996
31714
29885
24845
30093
30755
32769
30020
31096
33260
34832
35504
32926
31476
33633
32680
34994
34649
30376
40096
40105
38678
39713
34224
37998
31959
40319
39621
35392
35851
35368
39348
32721
34210
35652
31393
39415
39028
33595
32009
37558
36670
38461
35763
39339
37702
38848
39846
40145
30681
37304
35933
38713
36714
30481
30288
38336
33376
32521
38167
32219
37312
39951
32652
37353
33775
39500
33407
33209
34572
29791
37301
36184
37688
37376
37292
39785
38895
39271
39111
33172
31971
35569
34960
29266
35038
39199
35699
36283
33714
39129
35638
29711
24643
31144
40053
31683
29905
33424
31615
30335
33802
40316
31617
37788
23464
32105
19229
32491
24471
20667
32011
32994
27178
25053
34069
19051
31913
21948
28018
28198
24977
28280
40663
26811
28148
29525
31790
20480
34060
36779
17845
19014
31311
19392
31582
24801
22860
12747
19515
21756
12375
20449
24526
18089
20897
34822
21587
28745
19147
21674
25541
21700
12322
19979
30222
26253
20372
25435
27306
23507
22377
26711
21345
21495
12806
25867
28401
31705
12768
20827
20739
19482
14113
19473
27349
39577
72909
60449
62103
60612
76738
62349
60893
68137
64286
57869
66127
61674
61553
75324
64485
67846
60432
70947
69827
72737
60419
69119
68998
73214
65409
62605
70951
66572
76142
74230
80577
74246
70720
75723
67522
74446
75103
61705
70029
70301
66512
70745
62189
82333
69833
71794
75798
28773
67691
62293
76868
63783
67788
76392
79818
74540
60112
76768
76131
82285
66337
63611
81201
85931
81640
74428
71327
66589
70949
87304
73298
73068
82183
71919
72120
75251
79706
70193
70232
73275
69597
78165
76866
69895
71924
66720
67375
85101
76873
39571
40297
69529
82783
67079
71443
71700
69701
66499
66030
72733
80458
84368
42867
77712
83270
80568
88084
78077
72486
94081
70654
74525
83759
81883
78251
74936
86002
73784
73250
74844
74192
78259
79182
84844
81095
73333
86632
83158
79169
79749
81545
87322
75970
73722
82125
75600
83778
77868
76093
78588
73731
72673
77549
80749
87974
78287
78938
78584
81280
80260
85560
78878
78330
84285
78439
82037
84868
83470
86494
87214
85828
82905
83801
78674
77794
86488
85264
88293
88521
83378
87752
87275
86184
88118
85208
94309
85687
88119
92548
84217
88672
84691
87047
82318
73040
85503
84489
86703
85443
84863
92912
85514
91751
85437
84952
84042
91985
94114
86701
86222
87691
84808
89538
88026
92207
85669
92823
89968
90790
89976
83790
89314
80663
91109
93082
94408
86923
94513
94325
93663
93912
93055
89817
89607
93573
85507
93349
90648
89228
93748
89094
92778
89521
88786
89343
90143
89311
94312
93150
91447
94657
93538
90555
89271
91106
1427
93975
83939
86236
88889
87136
93076
89299
90379
89779
88942
94293
93104
89811
89789
91735
91130
93080
83776
93855
93156
84802
94284
92728
90135
91655
94560
10612
93566
86797
89237
88935
86955
86086
92651
94595
94237
94439
94587
89933
92102
91126
94286
93923
90727
93868
90407
92947
92084
93651
91976
87289
90973
94373
90481
91534
89286
91599
88792
91692
4600
91537
93199
90773
90699
92648
90666
91386
83128
94592
88679
86670
83499
91640
90480
85423
91527
94042
90658
89387
90842
85685
79280
93997
89044
87477
94064
90926
92946
90402
91199
89553
85530
94675
1052
89805
5690
89670
89828
5222
93001
93548
94382
93819
94352
89676
91689
85037
4570
77
4389
93797
5276
5123
86581
559
92162
1861
93322
2477
91287
94125
772
90227
3446
88921
3135
4742
4542
94153
4255
94603
91532
93413
91337
93614
90082
92372
556
89655
94367
2007
218
5819
5636
92232
5190
3043
1373
93297
3965
4380
4738
90524
17
3464
5767
1785
4374
2860
2677
2336
1121
93218
10787
2965
2857
139
3093
2139
5242
94350
1886
2465
827
1357
631
765
1626
5150
4043
5886
5633
8408
5802
3131
10515
7448
5372
4
3898
7795
2822
7348
904
93384
2564
11659
2192
5615
11761
5050
5475
7225
7182
2802
6699
2625
7976
3370
4468
10220
3227
1620
5687
6913
6522
10457
1091
9447
984
2871
9749
7141
6978
10232
6972
11181
6334
11440
9123
11742
93723
2785
10236
10909
6164
3461
6998
6581
7803
10572
6637
11157
10810
8056
9100
7396
9762
10259
6755
8760
7254
1173
11189
11228
7122
11152
8859
8386
1942
4397
10552
6340
6704
7861
11227
10057
6072
8581
12236
6323
