74891
75812
73839
73372
76329
75439
74348
76169
72632
74313
77887
73930
72615
76713
73786
76916
82451
71916
71488
72541
71400
73870
73384
71481
71469
71047
71226
73132
74830
74363
65189
72223
73699
74599
71212
65271
71630
71740
73636
76523
71378
69452
76343
73119
73134
75946
81003
42894
73760
47249
45470
43902
40144
46946
41819
42710
46951
41943
43281
37458
45609
71388
45771
41893
37505
46793
50560
42988
45190
42932
41215
43880
47059
43362
44739
50485
38775
44348
46105
44632
42045
42043
45049
45852
38992
45024
43364
40531
42327
47292
46544
46751
44280
47211
51545
44189
41810
38186
42978
44723
32892
44270
44329
52830
44942
51267
46475
47008
49083
48334
42332
46261
43372
51731
52687
51189
43963
51676
51645
52608
51015
49199
42836
52802
47397
42292
53170
44074
48384
46822
41870
50699
47553
46592
49686
47962
39767
41900
48475
47956
42286
41871
38057
48863
50229
52560
49254
50448
48149
44192
42350
43423
51730
51078
46391
51508
51191
53209
49382
52985
49805
50165
48016
53164
50690
56876
54692
52399
53952
47539
47348
49514
52564
48519
50276
49972
52375
54321
58872
56981
50607
56785
50234
50166
57343
51248
53125
54222
48492
49161
49332
45162
55664
51530
52011
55538
56948
59152
58707
50438
59004
52967
52396
53334
55655
53453
55592
54608
54334
47442
57179
52313
49930
44151
59002
54043
48265
51438
56471
49439
58236
44178
58346
55320
48964
56370
53247
59105
51193
51379
56861
54652
48318
50163
59050
49444
56160
57392
54035
49595
50006
58079
58899
56202
58184
58435
56233
53127
58606
49932
56460
50938
48190
41218
44664
54935
52746
58327
48570
53082
55001
52065
53249
49019
58748
49372
48211
58779
58484
50248
48712
51086
44104
54609
58914
49262
48332
54748
52641
52122
47816
50247
48379
49282
43734
44145
42830
50048
49352
46449
45514
55705
52669
50123
48864
45909
50016
51319
53153
47189
51278
43283
43244
47797
50216
44139
46823
46044
43587
49910
50041
48555
47514
49708
47631
50767
49510
55472
53867
49839
59142
53179
49606
44799
58960
49271
44443
57451
49857
50660
50045
49421
57029
56126
51884
54523
57009
52366
49389
51565
48206
48737
50642
52707
57529
43772
47435
53536
52840
49073
59071
57125
49574
51827
48283
58587
55653
51988
53970
58474
56179
58512
59287
59068
58018
53443
56915
57044
55797
54580
53734
59167
63381
54123
54906
55180
59118
49050
60914
58730
58874
54129
57984
57161
62861
55407
55429
58844
62891
58565
55246
60888
57157
59189
61522
61878
57195
63749
56972
60528
55766
64715
59207
63938
61547
64343
61901
61651
61990
61196
63388
59298
57468
63039
55822
61866
61539
62050
63349
61020
61125
64379
64243
59805
63551
50361
56067
54991
55225
55819
62044
62063
64380
52208
51142
60441
61411
64407
55790
64436
57703
59454
62457
49690
52209
62772
64062
65040
64474
55901
64505
58800
63356
63058
60812
61188
68850
61548
61988
55083
60041
65036
62082
62922
61954
62097
63893
61325
62084
65701
50646
61349
65085
66150
70320
66445
63651
64236
61126
63902
60086
61164
63463
62155
70324
67363
70376
63630
63624
68311
66961
63963
67433
67350
61709
63827
66950
64880
69291
70303
69407
66706
69478
76932
67419
63781
65668
66112
66707
65921
70621
68157
63816
68832
65550
61691
60104
67561
60920
64898
63702
64199
71005
67028
70702
61130
70669
66322
65992
75820
65313
64118
69555
69594
65578
73303
71661
65429
74735
70631
60552
67086
74702
74319
68771
69222
71529
76505
68199
74323
71185
70060
65968
74779
72694
67752
68153
74191
72925
75008
68160
71692
71824
71218
71657
71473
66381
70038
70454
74617
74979
76441
73290
71735
73154
75864
72494
74473
75334
75107
73675
74543
74221
75248
73858
68986
72506
71974
76269
72389
74907
72552
68345
65593
62909
75527
71514
75101
73843
75195
71788
72968
70706
67560
66410
69703
76172
65812
73023
71234
75784
75390
70110
73352
73876
75369
79197
71349
71839
73799
69699
71925
65946
74457
71586
71188
71319
67627
75767
73337
71145
72030
72625
76101
67609
72366
70499
69620
74189
78669
75252
75774
72095
71634
72157
73498
76204
68332
68187
67289
67411
69940
71418
68116
76460
76330
69826
69242
68365
69168
75212
72475
71278
69043
75768
71483
72381
74845
74362
72855
73667
72657
71505
71055
72241
63870
74891
