6323
6597
6676
6351
7804
8383
9922
11814
7275
7436
8040
6745
6683
8438
11211
6822
9724
11393
7142
8740
11452
11138
8018
16653
8543
17111
6150
10961
11605
7914
7072
12831
7538
7027
10386
14776
9288
11291
8735
12858
13370
13856
8828
15365
13059
10965
6788
7704
15667
16150
14234
12172
12514
12379
17122
17099
15855
16912
15041
16824
15959
9025
7000
13704
8664
17705
9735
15828
17148
9537
15602
14777
17146
10245
12598
8540
18531
16177
14670
12294
16210
11872
15801
12673
17378
13621
14223
16574
16522
8559
15184
15677
12224
11972
17382
10554
16428
15277
9462
8571
17285
12125
12785
10557
17256
8430
13355
15568
13247
12036
12448
6533
14646
9409
8478
14904
11248
14195
16005
15471
16736
16917
17277
17505
12929
17024
12303
16588
17661
13772
12972
17352
15709
16934
13056
5482
12627
16418
10868
12530
13473
10699
17533
15133
15687
11302
18527
21457
15467
21770
16890
17647
20694
12964
18805
19744
18714
18960
14795
16081
1465
22558
18874
18444
13816
12902
9185
15772
12167
16348
20041
8237
21480
13181
13481
18712
13447
15430
14737
4393
12688
8358
14362
12119
10496
7837
12912
20643
13149
6897
14227
16323
12374
10905
8226
7207
16954
17527
12689
12308
13438
16622
13651
15381
17143
21148
18547
12521
14071
16868
10857
8624
14084
7380
16559
10866
17963
16654
20537
20507
12503
19204
12657
15636
20858
18663
7378
13670
21488
15285
23268
17429
17909
14482
23616
20218
19272
23269
19251
20849
23047
22809
23288
20750
18167
23045
18183
18976
22250
23618
27803
19734
18407
21949
15235
19957
23475
28476
15103
18262
16564
15624
25968
23264
25366
20960
18998
25925
19465
18610
20676
23964
23067
20518
19683
19687
13956
22183
15581
20534
22238
22433
18781
20517
16823
16319
13125
23226
16480
21616
19306
19782
20122
27873
21400
18226
24625
18812
20562
29189
13307
27356
22510
27353
25334
18607
26115
23445
27508
17420
22966
20671
20561
23779
16783
29244
18830
15941
22160
26561
15575
20563
28472
27477
20536
22519
27343
26551
21653
18611
23587
34759
18620
28438
21076
21287
23928
23791
23961
20266
21167
24412
20265
22355
24681
24242
24793
24005
28025
28440
20767
26038
26160
20392
23808
24060
22390
24124
22799
27855
28249
29579
27982
29276
24691
29187
20682
26529
20906
27089
26929
27613
22367
24105
25794
25530
20989
28033
24298
24214
33623
28518
24340
24623
24576
26668
26935
26236
27035
23855
24306
27576
26474
28722
25864
24605
27475
27562
21026
26803
29438
35023
24516
25564
27585
35431
31363
33697
32880
33616
25390
27498
29647
27710
29334
27228
26078
31470
33904
30268
31784
27345
34666
30305
30006
35112
33716
33831
35414
34575
33853
34173
30820
32712
31612
28276
30670
28802
30163
33054
33879
34980
31093
34244
31475
26327
30015
33434
25494
28738
31068
24754
33844
31728
28456
31878
31792
31863
33199
25231
30769
34566
30665
34177
30803
26317
34452
31085
33838
34477
34438
30302
28439
34996
31714
29885
24845
30093
30755
32769
30020
31096
33260
34832
35504
32926
31476
33633
32680
34994
34649
30376
40096
40105
38678
39713
34224
37998
31959
40319
39621
35392
35851
35368
39348
32721
34210
35652
31393
39415
39028
33595
32009
37558
36670
38461
35763
39339
37702
38848
39846
40145
30681
37304
35933
38713
36714
30481
30288
38336
36455
40690
35924
39805
30239
34418
36051
40487
36170
37710
38872
39599
35657
33045
37961
36568
41032
31149
36150
29751
37782
37967
38985
32032
35848
36724
36712
33972
33052
38449
35666
31350
36209
41035
37302
38458
39552
41378
41379
32603
25148
40317
35583
30863
45456
36272
26508
36438
42730
41975
36448
41369
36960
37974
37319
38707
39434
41561
45827
35885
30647
37877
46237
41286
40919
35522
41282
44794
39421
45842
37136
36452
40132
37575
41071
45467
31348
40744
43467
38636
47057
46606
37666
43861
38639
43640
40335
46663
38389
35741
47304
37065
35911
37762
37429
42315
43015
45426
42206
40541
43018
41053
43234
43612
43865
45436
38940
44566
46017
42854
35527
43876
41706
44366
42380
42088
40633
41842
45740
43620
42430
43466
42141
47021
46393
44907
46405
42090
35581
38739
39946
40954
41595
42960
45738
45123
42624
41007
38325
45451
39357
46129
39976
37608
37519
45728
36752
41381
36662
36147
45442
45636
36733
33214
44299
38091
37145
36995
34371
37322
46077
41291
41339
44870
45731
38170
46709
37454
40557
32610
40976
67369
38434
40674
35996
45097
31314
38156
42510
36374
40138
42557
40287
44124
67515
43889
40474
45450
35736
48415
44485
31066
45990
41929
41759
72763
41955
43035
46631
42914
40109
46104
45345
42915
45408
43220
41692
38743
43669
41714
39792
41959
46662
43701
43462
44725
41488
51472
37749
47047
50830
49013
44281
92208
41943
43281
37458
45609
71388
45771
41893
37505
46793
50560
42988
45190
42932
41215
43880
47059
43362
44739
50485
38775
44348
46105
44632
42045
42043
45049
45852
38992
45024
43364
40531
42327
47292
46544
46751
44280
47211
51545
44189
41810
38186
42978
44723
32892
44270
44329
52830
44942
51267
46475
47008
49083
48334
42332
46261
43372
51731
52687
51189
43963
51676
51645
52608
51015
49199
42836
52802
47397
42292
53170
44074
48384
46822
41870
50699
47553
46592
49686
47962
39767
41900
48475
47956
42286
41871
38057
48863
50229
52560
49254
50448
48149
44192
42350
43423
51730
51078
46391
51508
51191
53209
49382
52985
49805
50165
48016
53164
50690
56876
54692
52399
53952
47539
47348
49514
52564
48519
50276
49972
52375
54321
58872
56981
50607
56785
50234
50166
57343
51248
53125
54222
48492
49161
49332
45162
55664
51530
52011
55538
56948
59152
58707
50438
59004
52967
52396
53334
55655
53453
55592
54608
54334
47442
57179
52313
49930
44151
59002
54043
48265
51438
56471
49439
58236
44178
58346
55320
48964
56370
53247
59105
51193
51379
56861
54652
48318
50163
59050
49444
56160
57392
54035
49595
50006
58079
58899
56202
58184
58435
56233
53127
58606
49932
56460
50938
48190
41218
44664
54935
52746
58327
48570
53082
55001
52065
53249
49019
58748
49372
48211
58779
58484
50248
48712
51086
44104
54609
58914
49262
48332
54748
52641
52122
47816
50247
48379
49282
43734
44145
42830
50048
49352
46449
45514
55705
52669
50123
48864
45909
50016
51319
53153
47189
51278
43283
43244
47797
50216
44139
46823
46044
43587
49910
50041
48555
47514
49708
47631
50767
49510
55472
53867
49839
59142
53179
49606
44799
58960
49271
44443
57451
49857
50660
50045
49421
57029
56126
51884
54523
57009
52366
49389
51565
48206
48737
50642
52707
57529
43772
47435
53536
52840
49073
59071
57125
49574
51827
48283
58587
55653
51988
53970
58474
56179
58512
59287
59068
58018
53443
56915
57044
55797
54580
53734
59167
63381
54123
54906
55180
59118
49050
60914
58730
58874
54129
57984
57161
62861
55407
55429
58844
62891
58565
55246
60888
57157
59189
61522
61878
57195
63749
56972
60528
55766
64715
59207
63938
61547
64343
61901
61651
61990
61196
63388
59298
57468
63039
55822
61866
61539
62050
63349
61020
61125
64379
64243
59805
63551
50361
56067
54991
55225
55819
62044
62063
64380
52208
51142
60441
61411
64407
55790
64436
57703
59454
62457
49690
52209
62772
64062
65040
64474
55901
64505
58800
63356
63058
60812
61188
68850
61548
61988
55083
60041
65036
62082
62922
61954
62097
63893
61325
62084
65701
50646
61349
65085
66150
70320
66445
63651
64236
61126
63902
60086
61164
63463
62155
70324
67363
70376
63630
63624
68311
66961
63963
67433
67350
61709
63827
66950
64880
69291
70303
69407
66706
69478
76932
67419
63781
65668
66112
66707
65921
70621
68157
63816
68832
65550
61691
60104
67561
60920
64898
63702
64199
71005
67028
70702
61130
70669
66322
65992
75820
65313
64118
69555
69594
65578
73303
71661
65429
74735
70631
60552
67086
74702
74319
68771
69222
71529
76505
68199
74323
71185
70060
65968
74779
72694
67752
68153
74191
72925
75008
68160
71692
71824
71218
71657
71473
66381
70038
70454
74617
74979
76441
73290
71735
73154
75864
72494
74473
75334
75107
73675
74543
74221
75248
73858
68986
72506
71974
76269
72389
74907
72552
68345
65593
62909
75527
71514
75101
73843
75195
71788
72968
70706
67560
66410
69703
76172
65812
73023
71234
75784
75390
70110
73352
73876
75369
79197
71349
71839
73799
69699
71925
65946
74457
71586
71188
71319
67627
75767
73337
71145
72030
72625
76101
67609
72366
70499
69620
74189
78669
75252
75774
72095
71634
72157
73498
76204
68332
68187
67289
67411
69940
71418
68116
76460
76330
69826
69242
68365
69168
75212
72475
71278
69043
75768
71483
72381
74845
74362
72855
73667
72657
71505
71055
72241
63870
74891
75812
73839
73372
76329
75439
74348
76169
72632
74313
77887
73930
72615
76713
73786
76916
82451
71916
71488
72541
71400
73870
73384
71481
71469
71047
71226
73132
74830
74363
65189
72223
73699
74599
71212
65271
71630
71740
73636
76523
71378
69452
76750
71325
71629
69922
78489
72467
76874
76590
73496
66100
75082
79229
75729
76831
73099
73085
71396
65349
75436
82438
71306
82130
74758
79621
70797
80623
75247
77924
72112
75904
77492
78020
74685
79810
80605
82274
77458
78795
75000
81243
75799
79329
80102
75466
74898
80658
79269
71460
81240
71882
74400
77463
81395
72302
73519
77223
79397
78065
79209
80570
77546
81143
81700
81503
80002
80787
74560
76943
73958
77775
75461
68104
82133
80614
76851
76355
72979
82810
75244
79364
80162
81817
74834
71663
73849
82190
78774
77559
77398
78097
79684
77319
79983
79405
82401
82759
81834
74250
80266
78863
78891
80807
79698
77717
77628
77412
81099
67122
79025
81611
82705
81712
78838
79836
78160
79837
78872
82741
80231
81885
79838
81516
79855
77474
79703
42760
77115
77164
77834
82740
73694
77318
81389
78486
76039
78141
75239
77387
81074
76413
77144
77399
80748
75499
73655
74737
68132
76599
77961
77472
72305
75660
73188
82052
84047
78071
83919
70595
80498
81966
74226
78308
80017
85147
77693
86246
77154
77619
78300
79249
80749
87974
78287
78938
78584
81280
80260
85560
78878
78330
84285
78439
82037
84868
83470
86494
87214
85828
82905
83801
78674
77794
86488
85264
88293
88521
83378
87752
87275
86184
88118
85208
94309
85687
88119
92548
84217
88672
84691
87047
82318
73040
85503
84489
86703
85443
84863
92912
85514
91751
85437
84952
84042
91985
94114
86701
86222
87691
84808
89538
88026
92207
85669
92823
89968
90790
89976
83790
89314
80663
91109
93082
94408
86923
94513
94325
93663
93912
93055
89817
89607
93573
85507
93349
90648
89228
93748
89094
92778
89521
88786
89343
90143
89311
94312
93150
91447
94657
93538
90555
89271
91106
1427
93975
83939
86236
88889
87136
93076
89299
90379
89779
88942
94293
93104
89811
89789
91735
91130
93080
83776
93855
93156
84802
94284
92728
90135
91655
94560
10612
93566
86797
89237
88935
86955
86086
92651
94595
94237
94439
94587
89933
92102
91126
94286
93923
90727
93868
90407
92947
92084
93651
91976
87289
90973
94373
90481
91534
89286
91599
88792
91692
4600
91537
93199
90773
90699
92648
90666
91386
83128
94592
88679
86670
83499
91640
90480
85423
91527
94042
90658
89387
90842
85685
79280
93997
89044
87477
94064
90926
92946
90402
91199
89553
85530
94675
1052
89805
5690
89670
89828
5222
93001
93548
94382
93819
94352
89676
91689
85037
4570
77
4389
93797
5276
5123
86581
559
92162
1861
93322
2477
91287
94125
772
90227
3446
88921
3135
4742
4542
94153
4255
94603
91532
93413
91337
93614
90082
92372
556
89655
94367
2007
218
5819
5636
92232
5190
3043
1373
93297
3965
4380
4738
90524
17
3464
5767
1785
4374
2860
2677
2336
1121
93218
10787
2965
2857
139
3093
2139
5242
94350
1886
2465
827
1357
631
765
1626
5150
4043
5886
5633
8408
5802
3131
10515
7448
5372
4
3898
7795
2822
7348
904
93384
2564
11659
2192
5615
11761
5050
5475
7225
7182
2802
6699
2625
7976
3370
4468
10220
3227
1620
5687
6913
6522
10457
1091
9447
984
2871
9749
7141
6978
10232
6972
11181
6334
11440
9123
11742
93723
2785
10236
10909
6164
3461
6998
6581
7803
10572
6637
11157
10810
8056
9100
7396
9762
10259
6755
8760
7254
1173
11189
11228
7122
11152
8859
8386
1942
4397
10552
6340
6704
7861
11227
10057
6072
8581
12236
6323
