28456
31728
33844
24754
31068
28738
25494
33434
30015
26327
31475
34244
31093
34980
33879
33054
30163
28802
30670
28276
31612
32712
30820
34173
33853
34575
35414
33831
33716
35112
30006
30305
34666
27345
31784
30268
33904
31470
26078
27228
29334
27710
29647
27498
25390
33616
32880
33697
31363
35431
27585
25564
24516
35023
29438
26803
21026
27562
27475
24605
25864
28722
26474
27576
24306
23855
27035
26236
26935
26668
24576
24623
24340
28518
33623
24214
24298
28033
20989
25530
25794
24105
22367
27613
26929
27089
20906
26529
20682
29187
24691
29276
27982
29579
28249
27855
22799
24124
22390
24060
23808
20392
26160
26038
20767
28440
28025
24005
24793
24242
24681
22355
20265
24412
21167
20266
23961
23791
23928
21287
20696
23872
19560
20407
24290
23681
24284
26143
29207
28163
20529
17411
19698
20594
20357
19162
24426
24702
23061
21820
24736
18290
18041
20451
18891
24277
22534
22050
22463
26536
20381
21804
28872
25091
18682
15368
15378
16370
20546
25245
33722
13378
26262
56401
62882
64902
46033
56034
45159
54936
42544
19108
48213
46540
50978
58984
36871
36917
39825
35327
43920
56590
45259
43411
43143
19053
44334
46049
46532
47013
43784
42838
40917
40649
40770
41100
38033
44569
41850
31454
39536
42388
37285
40727
40505
36416
43748
38208
39149
37663
40716
40131
33461
43295
39017
38301
22680
38474
37284
40024
25536
35999
37432
32599
35668
47286
43900
30154
37932
45289
48199
45915
36333
36624
38008
37830
41640
37435
31367
32290
41357
30075
30077
29727
33099
71398
47289
43626
37331
42907
50750
43273
43351
47118
39644
43648
51889
31568
44440
33328
47889
33679
47785
48436
36479
41730
42980
52359
42020
47220
51343
42411
41551
52960
45973
44246
39637
45844
42777
46954
43854
45175
49629
49144
42548
41836
44649
42424
44925
45525
51959
37856
45361
44162
46163
45351
36781
45997
42368
42127
37254
44025
41584
36868
42390
43114
41881
44061
47046
47298
46055
41525
46064
46142
40467
40432
47106
44429
46851
46738
44232
43043
41040
45423
39890
44526
42325
43700
39325
49559
43716
44883
41536
40574
41672
43770
41784
45929
45984
42904
47169
41558
38615
46948
46063
43466
42430
43620
45740
41842
40633
42088
42380
44366
41706
43876
35527
42854
46017
44566
38940
45436
43865
43612
43234
41053
43018
40541
42206
45426
43015
42315
37429
37762
35911
37065
47304
35741
38389
46663
40335
43640
38639
43861
37666
46606
47057
38636
43467
40744
31348
45467
41071
37575
40132
36452
37136
45842
39421
44794
41282
35522
40919
41286
46237
37877
30647
35885
45827
41561
39434
38707
37319
37974
36960
41369
36448
41975
42730
36438
26508
36272
45456
30863
35583
40317
25148
32603
41379
41378
39552
38458
37302
41035
36209
31350
35666
38449
33052
33972
36712
36724
35848
32032
38985
37967
37782
29751
36150
31149
41032
36568
37961
33045
35657
39599
38872
37710
36170
40487
36051
34418
30239
39805
35924
40690
36455
38336
30288
30481
36714
38713
35933
37304
30681
40145
39846
38848
37702
39339
35763
38461
36670
37558
32009
33595
39028
39415
31393
35652
34210
32721
39348
35368
35851
35392
39621
40319
31959
37998
34224
39713
38678
40105
40096
30376
34649
34994
32680
33633
31476
32926
35504
34832
33260
31096
30020
32769
30755
30093
24845
29885
31714
34996
28439
30302
34438
34477
33838
31085
34452
26317
30803
34177
30665
34566
30769
25231
33199
31863
31792
31878
28456
