40645
74102
97748
53659
92053
94925
7045
88905
90730
43554
89637
2807
44828
97065
32200
41461
91229
99016
55687
40274
89780
88793
91226
29445
80339
84048
84591
82515
44721
53650
93934
93435
84584
49679
75196
99605
46735
89645
91184
89435
93730
91749
89270
78271
84792
92977
100093
84926
93240
46434
42637
98087
94987
96497
88256
93094
87395
34288
88565
51010
35937
43067
95280
88440
97250
99394
48633
99675
98219
93626
88041
85496
49364
91893
54058
63
97411
45178
93804
54705
93781
92997
92186
2267
45238
89305
43881
79584
49708
41872
47889
95305
50842
94606
22786
91847
93566
83547
50899
97506
83686
49934
48142
95808
53289
84147
46409
4066
44909
99687
87866
79463
89044
90276
94847
30458
83926
86978
43618
88120
36460
89646
81722
90365
44737
92037
82706
97056
96683
98266
20679
90167
55426
41681
41069
44705
38608
75652
22169
88706
4543
47127
43659
48298
51834
98474
35027
93725
98749
86635
87087
44317
83574
76540
93746
79378
94746
88508
91228
98025
87959
91938
23450
43497
93896
83737
92152
3882
88537
46352
45518
91410
91263
27051
39088
49433
40489
50844
89569
82646
82345
99551
89579
73907
96213
90919
87904
90185
83371
95979
77271
93025
87589
88577
94350
78461
99285
42426
27747
83309
47519
47821
98679
99106
88523
89095
95882
37358
77023
84392
97413
95389
81543
91072
42212
33472
89133
97132
81664
88316
79806
96234
77160
97767
89886
52513
93980
86675
96424
93315
41093
47969
46673
89912
88657
4585
97144
31650
92477
86451
87930
92335
98863
94320
95950
79063
87014
91201
93999
78401
85581
379
90039
98023
46092
34018
85948
76669
83861
99826
45410
98006
44826
38321
45322
93779
54663
29877
87909
46704
46104
98238
91213
86386
5974
42755
82261
91632
92438
95373
80342
82308
98090
49423
92757
91625
34567
92594
80261
85074
91932
44977
34954
83499
5753
94604
32256
97918
53309
89427
87116
25797
93680
95056
96045
45493
92075
89506
152
78987
92016
82260
91719
91020
44187
91926
46100
92145
48291
87207
99450
93617
90591
49716
84486
5693
48274
96220
87494
90992
88132
67464
84136
82291
92686
85627
89266
94744
79861
5300
93835
93659
97619
92256
41865
48007
93876
32247
98784
79821
92308
98135
44719
85737
49973
44791
41477
89851
56254
49271
83747
53764
48011
78483
94175
86298
88908
90415
97147
91554
44232
44490
78140
38391
44161
37786
86019
87620
92034
98155
89641
98237
87340
93061
47003
55186
86059
47817
98214
94692
90502
76692
98316
55975
20019
81852
35979
27326
18843
89833
84135
84156
96714
89479
90283
88690
84225
95975
97977
97414
94958
89586
48473
98566
82431
54703
19310
77818
89500
3938
99543
44936
76732
42079
43282
48068
88392
84293
90004
92326
98688
100187
96299
38954
23052
95737
91440
46634
88546
83519
85573
48402
92943
99054
87782
99057
90960
96855
90296
49919
99690
87755
49661
92815
22779
90855
94153
96709
86450
40838
100084
89975
56180
49053
96592
82729
97409
90282
89552
49980
100237
82188
76750
82662
98153
47615
86313
26138
89922
93881
84554
90030
85679
87217
46299
99041
91544
49666
4358
85767
93700
95738
37260
30302
49186
92447
96865
45449
46468
92829
42932
49604
84133
39284
95768
1545
53139
97857
88517
87520
95983
84826
89473
37832
93543
377
1788
95767
56250
4984
86692
31399
82140
77481
94448
88398
48680
87311
91538
94638
85257
83818
90067
50903
48596
45582
90152
83707
93573
84138
85857
96981
88821
74152
90512
89925
91722
98768
97246
93510
777
28882
89303
91227
2336
88648
24811
87048
91856
91736
87978
22615
46563
85468
43566
80868
87189
100063
50180
98399
46894
88765
98275
93713
96989
40876
28151
96184
82547
97318
77775
93322
45147
83236
96065
95441
42324
97634
96129
473
87291
96033
80888
82404
91883
180
49742
82320
88421
86459
37920
77476
45862
97032
16182
84957
96320
97049
89842
98069
85665
53834
86331
4997
100236
63779
86704
100164
32759
89584
40318
86654
99685
47094
99173
83984
77446
94251
88518
92948
90955
88007
87800
93550
24271
49191
86571
56183
95598
86802
84045
92397
90626
86136
88263
98883
19829
89837
89022
99563
38567
81640
92469
46322
96226
99126
82341
89406
94923
40292
91214
5066
93952
98441
76747
82733
93131
95584
84880
43548
81525
94956
84960
47729
86117
96942
84196
86489
81571
85976
94352
99799
88415
48131
91004
83397
90475
51665
92959
45225
81910
84530
27655
89306
89201
82423
39059
86233
56188
75344
49876
99391
88424
96312
98473
97266
93981
46745
99194
88124
88825
96426
85247
98532
91040
81697
43296
47115
47685
84463
1773
92750
90140
84855
3928
87630
27457
95327
90259
34562
98963
90284
84573
98736
85650
9501
77284
56204
80656
95354
46788
94331
83333
87872
93840
52869
81058
97061
42817
90839
87358
45849
87727
35118
37746
97247
100043
97334
91895
93436
93875
99988
88881
51513
93280
98593
82438
47772
88725
34553
97321
75220
45011
35859
99142
37993
23883
40637
90585
50854
87572
83127
99536
92961
86669
47524
85986
46854
88653
94268
93663
84682
89865
37986
91708
40846
92574
84104
29343
38403
175
76216
49441
41911
2061
99153
87484
85425
83413
98156
91139
39449
83073
86992
88629
99532
84649
93235
95638
89615
38574
90392
83720
95920
84895
91088
79065
39186
81795
44929
93199
92652
98524
79562
47637
44584
89883
94863
93787
128
98869
85147
90529
41064
100030
95442
58719
94347
82639
86509
81503
98895
97195
45478
90786
94179
89643
88494
91488
31104
27538
82305
38957
97090
98881
85402
53070
83090
39855
82367
42763
87095
86172
91354
84194
50944
24875
88687
77278
99666
90485
87022
49431
61100
66917
99378
47151
48376
87627
96286
89687
54478
93213
45640
89149
92464
91765
35305
90771
83204
96505
4238
84769
82726
45830
89694
53486
98554
88890
93283
94349
45385
98733
6062
89466
71918
97923
93678
90379
86614
48401
96428
84204
82844
97661
89844
89426
89920
46106
96704
96068
82988
96859
86904
5140
93923
88106
4268
88417
28627
5686
89111
89959
44935
93386
45519
86663
99048
86631
22521
90406
95388
81317
89024
100091
4878
95986
49839
43446
39728
97135
93203
92359
50255
46226
87041
45243
86881
88887
76180
44750
89363
42310
41561
93557
92727
98818
32812
85424
84687
48568
81770
76422
72899
93290
84206
98276
45482
86762
91596
83525
94639
47383
98125
94603
38272
44485
79073
76591
97210
87925
93265
89348
91557
90508
78370
47884
38975
43063
47328
93620
45612
43892
93661
86892
51752
48099
79923
53131
84210
48513
96916
87970
40381
95587
40259
45593
46124
93887
91985
87232
83645
49659
88264
28825
90050
44735
94855
93519
91677
99133
91287
44131
89804
48726
98564
90808
75905
86798
98496
91797
90597
87932
94307
46987
93168
50258
95265
86852
95926
98142
47592
15933
94233
93164
83217
87793
99950
94368
82985
88753
98141
47967
87503
4313
78695
86504
88080
100029
95915
97832
82554
89889
94704
98204
45666
98262
85470
44803
88882
89074
44738
50300
35147
92875
89917
82686
88514
23685
45908
98253
92796
97689
88006
89671
42830
97380
56187
88582
23538
89384
91871
89699
21314
41751
95118
76506
88412
76713
96647
49523
50797
90633
97140
47042
87366
48697
87036
92889
90443
88285
3084
91963
92307
93356
75469
45654
41627
93949
78441
92876
89605
47542
92221
92980
96957
39716
91305
79868
83610
94301
93595
93570
84832
48062
95025
61786
82651
93091
88782
54427
95774
95023
4288
90566
32487
38477
89487
31140
97700
47108
91687
93542
77699
93817
38839
49071
93347
81706
100145
42547
47062
100233
25229
89907
94419
53219
19197
96492
47895
48787
34471
93654
90326
89417
84207
92680
88717
1995
59731
90916
92885
90395
41296
49823
81689
94891
95207
84073
86235
95807
41915
91019
89933
50025
93768
24397
99797
89340
28281
97046
98529
90878
96421
91767
45980
90360
94940
89885
49570
96827
2547
44326
85681
99440
98662
95363
93739
88480
45873
40186
95260
90285
98930
89388
46395
91574
91992
52384
50064
89007
35132
20847
86452
43578
84357
91010
30689
89081
45564
54560
46746
92141
46560
89679
91286
85366
83469
28943
89334
4974
92993
55601
100189
54968
87606
97341
48396
83685
81600
87099
45701
99627
90757
93429
42756
82628
64512
88975
49982
34283
99970
88167
83966
56174
49087
100099
53658
90511
52581
2323
88411
44046
46647
85456
57513
92248
45878
95122
88768
90108
100169
51912
99083
90816
100106
91239
84171
99152
85192
39387
88850
89913
93375
42987
96824
98271
95713
28357
98741
100098
96438
92787
51953
45303
99061
96544
6134
84462
98964
81260
90903
97829
96503
94909
3950
78202
97252
93683
95399
55254
97208
77515
84347
2974
51575
92313
85156
47088
88571
95998
93537
95434
92193
25991
90583
87912
90287
99098
49583
84701
40446
87380
87913
3013
42769
99135
91618
38072
43224
99490
38749
90797
93897
75711
97248
89104
88794
87751
97790
80529
99294
98976
91252
75980
97494
85952
99736
85538
93686
96000
91563
91937
96612
52949
51566
83644
89973
78569
26404
30651
79437
86308
55539
88822
41963
39521
24321
87977
98402
83455
87917
55565
97082
46913
50900
95049
55741
100011
46164
93080
83079
81972
93866
99553
95632
94455
98442
12996
47682
92254
80344
96282
40840
94154
88039
53810
96302
98127
84851
53129
90989
52430
49858
3768
37472
85085
97618
92136
99954
89072
87792
95042
90787
89476
54896
45661
47057
48904
75716
40412
47949
86660
76756
93558
46812
24621
39164
49598
82238
79091
98745
47914
54635
79173
47438
33407
93738
90841
79693
35617
47917
5128
91589
98107
91349
49974
87192
25245
46034
90023
97624
46257
96771
45705
94135
30222
98905
92199
50951
98413
46221
54186
54540
52102
95925
47424
1327
5145
98649
82412
96588
86460
79567
40543
86037
20366
55508
91539
44931
96974
55250
43237
85680
95057
88469
97354
42362
90071
83343
56211
82182
96442
76194
94858
93387
96212
89131
93640
92142
90213
5108
85210
93282
46161
92421
47716
93272
95611
93358
88949
97446
89716
47538
135
54385
98199
95569
93106
84055
62520
96118
45185
88919
94400
49485
99610
83551
97149
96100
96472
92826
84053
45638
83883
90926
84570
6084
1901
97908
85905
27024
94705
36723
60037
50837
89613
81560
87717
88314
91568
97644
91204
90921
95509
91326
89059
47376
98968
85489
93336
78408
88944
86809
100062
99306
95221
48553
93090
50021
88221
81576
83491
41067
32857
36495
98683
93035
87363
86295
97222
47582
98777
89915
90532
91783
41724
99406
41905
94036
49048
94743
55558
89179
89143
83860
55203
84211
49969
84575
34284
3175
41356
853
91406
87090
99676
82774
40286
95868
41547
1553
86180
44829
92021
48519
25433
49611
91909
89208
75570
96805
88315
89683
94805
75365
98106
93805
97448
41476
40215
23074
89418
90200
91255
95725
48671
40181
78014
93722
92276
84579
84360
98421
82477
93068
93945
94839
49009
83673
84036
53358
97937
90898
97995
96614
81055
49479
97728
89453
5079
89335
83592
78885
86171
41469
93451
40807
97849
92430
94951
91427
99862
30883
46318
52443
87118
95815
90850
89494
90925
88818
90145
42456
94825
88069
51241
94103
40900
91522
44415
48201
84142
44960
93069
47608
91080
92247
97583
45294
90220
90994
87588
39464
94012
90180
93416
20344
91177
46943
86777
91840
87694
81063
80254
84913
92584
100197
97123
97076
94086
25278
97014
59000
50173
85851
90438
82690
85473
90685
91143
95813
791
51
76218
50070
75781
95780
98419
43560
90378
95829
55806
76479
41896
92154
93152
46448
31327
50487
88059
93338
90164
84149
81986
46926
93766
40645
