94646
83011
94345
42477
50118
3452
42457
42609
93215
95580
86282
46301
89512
91126
48394
92058
41939
60493
39895
92577
87897
92659
86969
71732
88754
39037
88420
36399
42222
91145
96231
37834
99784
77090
94542
81588
97019
89647
47342
84085
89173
95247
43438
100060
6088
54679
47855
96543
88823
89815
54868
97186
97502
95311
92100
94715
99365
47371
49319
99907
90648
48303
41071
48070
48693
95040
54073
77142
91435
47141
89330
48290
48754
92446
84096
421
36447
38939
92118
29051
44331
17175
82711
92894
84999
94671
47881
91575
43966
36146
86497
88689
82887
50893
88008
97175
32894
91588
99338
26627
48927
86071
4532
94687
54771
42916
39051
97906
87067
91857
90920
98445
99381
93100
97805
53572
87861
5419
88874
42293
87668
49218
2314
88620
89779
99796
888
98088
46330
88876
98920
44972
86490
91843
97369
95044
92025
84289
86296
86381
88694
92692
4273
46740
96425
91134
98010
3006
94254
41014
4993
4766
94446
100191
51791
99442
55830
59559
82708
44307
40022
81104
91800
98222
96842
99488
94964
89052
96680
99640
100065
37263
88344
93260
92115
44932
76679
92761
98975
79170
52573
94973
99216
90918
86258
44653
92263
96352
50973
99806
96249
90061
49613
97630
97083
99439
88457
79965
49294
98264
96154
86484
85120
89029
97455
87504
27356
41299
92490
40988
55271
97576
83221
87926
51411
90933
40077
99055
90142
45198
54115
97798
81836
90115
85922
92918
52470
47974
56376
49223
100100
88712
45545
45027
44527
99355
90224
85924
88467
3948
93196
90308
47264
54727
77857
88673
92168
97702
81679
2252
93306
44720
87594
88663
98893
44876
94314
92029
46595
45529
54232
99336
88184
100203
97440
47944
50036
98926
78627
47306
84588
35254
40785
86625
93569
32865
54070
81092
41468
95275
93872
84374
89407
97233
10503
46443
98196
80876
91219
81544
97888
95467
90913
94487
85216
95817
91196
91600
59574
100131
90573
3943
96895
45799
36969
54886
83510
52042
13621
49482
77594
95752
88169
27474
88067
38819
97300
52569
47968
44085
99207
86129
99524
99571
85930
90316
47487
91549
92556
89541
83359
54408
90293
91855
29317
89061
44582
52737
85744
52190
44817
42745
93515
92190
2311
94626
91417
90292
100071
41044
45510
38451
90951
47335
83132
89905
44905
43142
90753
54286
88799
89596
94803
93564
98093
42115
90961
46902
52372
87743
92354
6399
96125
96123
92779
28575
87101
96117
93698
55592
33722
96563
98543
44939
84381
55262
99052
96206
54879
92007
94463
285
82024
50889
48968
36716
98235
93233
23982
45898
82472
87919
87026
35210
90178
12657
4272
1291
88305
54239
58313
84260
92634
4114
93489
93653
91781
58242
95316
45659
98753
91747
44206
97607
81979
38676
44465
87927
33616
91737
79909
93825
93004
51931
83569
33289
81924
46878
75249
48451
76685
93165
46652
93807
94778
90609
90595
45448
97656
90216
92580
47509
88885
94025
5472
93674
92181
47311
46830
39060
90837
38958
34312
93455
47012
92660
89332
35716
95980
38103
96307
44526
97426
89525
37892
99550
98086
2324
93443
1811
95919
90394
86987
46142
94574
92357
81892
93940
86379
78072
92704
52367
2734
41297
17149
45760
95601
46832
89565
58241
89597
96105
95393
3348
92284
34772
49174
85695
88324
42965
94864
48586
33617
96087
47862
40858
100190
92542
89898
42083
98541
91845
93921
99268
90450
33629
82354
93244
77152
4861
84083
44682
100163
97220
89155
90307
664
96495
99113
95902
50066
49844
60370
89078
47213
88121
24386
43218
85831
40953
890
91091
97319
95267
94224
93639
92995
91333
85846
78512
93708
93130
92413
91033
44044
46453
33490
94427
44804
49471
97164
50749
90487
78794
97134
98553
99918
44663
94515
38648
88076
96284
96450
99189
90924
96598
97799
99579
38562
85318
100215
96147
93273
100042
96980
92567
49096
52135
88389
77568
76780
94317
41399
43001
96995
89110
89171
84139
43460
100041
90052
93986
92865
3280
52431
90592
98081
95624
94735
91559
40270
87260
43960
32567
47378
91503
52927
636
46111
54391
5142
50838
49459
94483
55811
99128
47068
46591
91462
48385
87523
90642
97711
88879
96135
91551
99637
90078
99559
44216
28808
94840
89602
94547
41978
93217
99558
95411
78468
98907
42420
82874
78692
93506
96969
92169
47031
93239
99561
59395
83874
49517
89518
48831
92062
25450
50177
47087
4651
86266
95051
6087
45504
99698
97111
97117
92956
95062
5933
50488
94177
91577
97834
45392
18835
81524
88783
94694
84213
37368
40898
90635
38134
84286
56537
95288
95681
20023
46118
95268
98993
34013
91958
46931
97080
98557
99555
84349
92860
39997
93954
32352
92236
94451
32118
49374
89874
87739
88861
90197
72876
336
94310
95643
91018
96224
90623
97774
87712
89731
88511
49069
83876
48392
88279
84515
46752
97973
84317
83412
49245
87937
96490
44974
45129
90194
99718
95212
92277
95519
88254
79135
49123
98682
83672
100040
98182
49702
97309
50014
92415
97501
93230
89415
92642
85415
90723
53912
91775
81606
44208
89908
31543
21130
97498
43942
92817
99398
49428
96014
34618
85137
20975
49298
45262
81477
44805
35750
82450
3164
97207
87262
44811
83715
90079
53141
92376
97384
82473
90064
88058
98418
89576
90015
94937
91950
51316
76444
91022
94753
84481
23733
39782
48689
28336
77967
41059
49804
9437
334
14
90519
46778
98998
38316
79725
97432
86082
95779
46758
99383
88647
91714
87903
98256
93733
88409
77479
99343
4559
97683
88516
61789
83687
91473
32606
89943
92459
51707
95027
86580
94772
84034
82256
97949
97441
92669
91029
47533
93987
92664
29436
47875
100026
91552
84480
47973
95425
91515
90822
92044
99600
4776
45191
82136
54392
91572
44658
59639
85587
22310
92265
85048
47961
97336
83998
36624
72862
47536
90504
368
91778
84738
1792
1534
47744
45622
94046
93261
2350
84525
91815
93076
97544
88923
54280
50324
92203
6400
94376
86305
95874
82953
3973
100054
91898
90773
95989
91907
94351
91879
40863
91570
4815
83267
46938
34022
97126
95318
97431
49111
43613
97316
92059
96141
50019
91073
79655
95382
72193
88072
88304
93720
88670
96908
45805
54899
92275
96146
90514
28509
43776
38811
61456
52447
56336
41767
1519
29789
93062
88870
50077
84251
97655
96183
99917
97562
89042
30547
94931
92546
49329
88210
89317
44430
5082
88966
42493
99266
53937
89612
19210
98877
87472
47249
48353
85830
100141
86217
92378
100238
87964
83187
99404
93026
96951
97058
82023
56332
88515
93852
95716
92098
90132
88223
87493
88074
95018
34166
44967
89664
98673
40795
81591
16141
44425
92846
88880
99168
46467
87762
98015
98974
95776
94039
41995
84694
90788
82865
86020
99088
27904
89361
34003
78782
91962
82468
88209
94088
90725
91902
95506
3172
80940
97304
87314
99928
90765
89902
100188
78874
49866
91027
46685
96246
86836
49692
98551
97128
83494
81019
87111
45212
28212
80183
44756
86081
93755
88160
78280
775
50424
88939
95613
98813
77266
47596
94994
93599
47777
2449
44422
84662
50011
95107
93869
98531
90886
90667
51008
99342
46056
92974
98595
80824
53400
98949
88810
42316
49480
86648
88963
2310
87114
49578
99360
91929
98444
84712
88892
93641
25575
40020
95332
85900
90306
50478
93374
49173
91034
42318
43956
95426
44558
92004
80206
81064
25076
99926
3690
82721
89301
46357
82006
91823
95781
89293
98499
90423
94545
90426
93990
56283
86307
97439
97240
99812
42734
84432
96866
98064
47678
75745
56145
43866
96955
95583
93434
91380
84319
76423
5438
88013
42872
48873
53297
86141
94336
52115
89877
86537
92160
6091
93251
85844
46839
95820
32601
95530
78018
31866
66683
62777
97163
90937
95838
93919
97641
91829
93296
84280
33627
53294
92638
92967
99557
86615
90286
93632
47456
27877
39025
45341
85404
92133
83405
83749
95510
92575
92791
91706
88751
99231
37817
45605
82776
49453
88959
93709
92689
88422
55183
87584
48379
46168
38360
99494
90179
66803
46195
35960
84304
45445
49834
42640
99311
97313
91681
82143
34672
82947
98956
88145
39182
45306
95054
93823
52667
87807
4583
61188
77144
91093
93092
24756
84375
88849
92992
41025
94248
44727
86716
87383
98779
88917
85151
82348
47736
89192
89519
92321
100007
82259
30536
63741
85898
93456
53292
28341
83436
90390
86867
45481
35284
98571
92848
36340
92895
49320
88313
94001
86388
81318
86142
44973
52444
92363
86080
89478
72978
93231
55420
80376
81920
94763
45748
31102
79551
88463
86251
43621
96423
91801
88719
92595
91485
93034
77744
93013
47953
29199
81091
87228
88676
97612
9284
96018
49315
83684
53202
94911
90845
4420
4262
86697
84201
54655
50891
47563
49112
47788
41365
84991
50814
19192
87489
91398
45656
47107
97228
81935
92705
91699
89471
88962
46424
94678
79865
84580
82362
97953
46185
85252
99484
3817
85170
88579
90712
100147
91838
98633
88558
95917
98190
89365
33427
44643
86237
46651
92934
55706
91819
90322
95702
84328
99995
96028
92613
90664
44731
98004
81898
92853
53134
91352
25785
97237
53340
99927
92597
23991
93877
40165
3458
3758
98746
84160
99038
32877
98521
93485
89830
88873
81687
89140
77814
85908
97628
98734
53
37087
91535
89284
92724
23457
90772
87488
57170
83174
96959
44015
95760
88441
85635
34229
47056
93763
99591
49887
37947
97001
93262
52456
47071
94915
53767
15
23787
92243
88204
98522
100103
99599
48743
99568
84441
87857
83014
95322
84498
43266
53284
84400
88354
89549
93095
87202
43635
55363
38699
97215
1629
40696
45784
84744
100089
50349
94295
84092
3912
88617
89077
3995
94682
89592
48714
41751
95118
76506
88412
76713
96647
49523
50797
90633
97140
47042
87366
48697
87036
92889
90443
88285
3084
91963
92307
93356
75469
45654
41627
93949
78441
92876
89605
47542
92221
92980
96957
39716
91305
79868
83610
94301
93595
93570
84832
48062
95025
61786
82651
93091
88782
54427
95774
95023
4288
90566
32487
38477
89487
31140
97700
47108
91687
93542
77699
93817
38839
49071
93347
81706
100145
42547
47062
100233
25229
89907
94419
53219
19197
96492
47895
48787
34471
93654
90326
89417
84207
92680
88717
1995
59731
90916
92885
90395
41296
49823
81689
94891
95207
84073
86235
95807
41915
91019
89933
50025
93768
24397
99797
89340
28281
97046
98529
90878
96421
91767
45980
90360
94940
89885
49570
96827
2547
44326
85681
99440
98662
95363
93739
88480
45873
40186
95260
90285
98930
89388
46395
91574
91992
52384
50064
89007
35132
20847
86452
43578
84357
91010
30689
89081
45564
54560
46746
92141
46560
89679
91286
85366
83469
28943
89334
4974
92993
55601
100189
54968
87606
97341
48396
83685
81600
87099
45701
99627
90757
93429
42756
82628
64512
88975
49982
34283
99970
88167
83966
56174
49087
100099
53658
90511
52581
2323
88411
44046
46647
85456
57513
92248
45878
95122
88768
90108
100169
51912
99083
90816
100106
91239
84171
99152
85192
39387
88850
89913
93375
42987
96824
98271
95713
28357
98741
100098
96438
92787
51953
45303
99061
96544
6134
84462
98964
81260
90903
97829
96503
94909
3950
78202
97252
93683
95399
55254
97208
77515
84347
2974
51575
92313
85156
47088
88571
95998
93537
95434
92193
25991
90583
87912
90287
99098
49583
84701
40446
87380
87913
3013
42769
99135
91618
38072
43224
99490
38749
90797
93897
75711
97248
89104
88794
87751
97790
80529
99294
98976
91252
75980
97494
85952
99736
85538
93686
96000
91563
91937
96612
52949
51566
83644
89973
78569
26404
30651
79437
86308
55539
88822
41963
39521
24321
87977
98402
83455
87917
55565
97082
46913
50900
95049
55741
100011
46164
93080
83079
81972
93866
99553
95632
94455
98442
12996
47682
92254
80344
96282
40840
94154
88039
53810
96302
98127
84851
53129
90989
52430
49858
3768
37472
85085
97618
92136
99954
89072
87792
95042
90787
89476
54896
45661
47057
48904
75716
40412
47949
86660
76756
93558
46812
24621
39164
49598
82238
79091
98745
47914
54635
79173
47438
33407
93738
90841
79693
35617
47917
5128
91589
98107
91349
49974
87192
25245
46034
90023
97624
46257
96771
45705
94135
30222
98905
92199
50951
98413
46221
54186
54540
52102
95925
47424
1327
5145
98649
82412
96588
86460
79567
40543
86037
20366
55508
91539
44931
96974
55250
43237
85680
95057
88469
97354
42362
90071
83343
56211
82182
96442
76194
94858
93387
96212
89131
93640
92142
90213
5108
85210
93282
46161
92421
47716
93272
95611
93358
88949
97446
89716
47538
135
54385
98199
95569
93106
84055
62520
96118
45185
88919
94400
49485
99610
83551
97149
96100
96472
92826
84053
45638
83883
90926
84570
6084
1901
97908
85905
27024
94705
36723
60037
50837
89613
81560
87717
88314
91568
97644
91204
90921
95509
91326
89059
47376
98968
85489
93336
78408
88944
86809
100062
99306
95221
48553
93090
50021
88221
81576
83491
41067
32857
36495
98683
93035
87363
86295
97222
47582
98777
89915
90532
91783
41724
99406
41905
94036
49048
94743
55558
89179
89143
83860
55203
84211
49969
84575
34284
3175
41356
853
91406
87090
99676
82774
40286
95868
41547
1553
86180
44829
92021
48519
25433
49611
91909
89208
75570
96805
88315
89683
94805
75365
98106
93805
97448
41476
40215
23074
89418
90200
91255
95725
48671
40181
78014
93722
92276
84579
84360
98421
82477
93068
93945
94839
49009
83673
84036
53358
97937
90898
97995
96614
81055
49479
97728
89453
5079
89335
83592
78885
86171
41469
93451
40807
97849
92430
94951
91427
99862
30883
46318
52443
87118
95815
90850
89494
90925
88818
90145
42456
94825
88069
51241
94103
40900
91522
44415
48201
84142
44960
93069
47608
91080
92247
97583
45294
90220
90994
87588
39464
94012
90180
93416
20344
91177
46943
86777
91840
87694
81063
80254
84913
92584
100197
97123
97076
94086
25278
97014
59000
50173
85851
90438
82690
85473
90685
91143
95813
791
51
76218
50070
75781
95780
98419
43560
90378
95829
55806
76479
41896
92154
93152
46448
31327
50487
88059
93338
90164
84149
81986
46926
93766
40645
74102
97748
53659
92053
94925
7045
88905
90730
43554
89637
2807
44828
97065
32200
41461
91229
99016
55687
40274
89780
88793
91226
29445
80339
84048
84591
82515
44721
53650
93934
93435
84584
49679
75196
99605
46735
89645
91184
89435
93730
91749
89270
78271
84792
92977
100093
84926
93240
46434
42637
98087
94987
96497
88256
93094
87395
34288
88565
51010
35937
43067
95280
88440
97250
99394
48633
99675
98219
93626
88041
85496
49364
91893
54058
63
97411
45178
93804
54705
93781
92997
92186
2267
45238
89305
43881
79584
49708
41872
47889
95305
50842
94606
22786
91847
93566
83547
50899
97506
83686
49934
48142
95808
53289
84147
46409
4066
44909
99687
87866
79463
89044
90276
94847
30458
83926
86978
43618
88120
36460
89646
81722
90365
44737
92037
82706
97056
96683
98266
20679
90167
55426
41681
41069
44705
38608
75652
22169
88706
4543
47127
43659
48298
51834
98474
35027
93725
98749
86635
87087
44317
83574
76540
93746
79378
94746
88508
91228
98025
87959
91938
23450
43497
93896
83737
92152
3882
88537
46352
45518
91410
91263
27051
39088
49433
40489
50844
89569
82646
82345
99551
89579
73907
96213
90919
87904
90185
83371
95979
77271
93025
87589
88577
94350
78461
99285
42426
27747
83309
47519
47821
98679
99106
88523
89095
95882
37358
77023
84392
97413
95389
81543
91072
42212
33472
89133
97132
81664
88316
79806
96234
77160
97767
89886
52513
93980
86675
96424
93315
41093
47969
46673
89912
88657
4585
97144
31650
92477
86451
87930
92335
98863
94320
95950
79063
87014
91201
93999
78401
85581
379
90039
98023
46092
34018
85948
76669
83861
99826
45410
98006
44826
38321
45322
93779
54663
29877
87909
46704
46104
98238
91213
86386
5974
42755
82261
91632
92438
95373
80342
82308
98090
49423
92757
91625
34567
92594
80261
85074
91932
44977
34954
83499
5753
94604
32256
97918
53309
89427
87116
25797
93680
95056
96045
45493
92075
89506
152
78987
92016
82260
91719
91020
44187
91926
46100
92145
48291
87207
99450
93617
90591
49716
84486
5693
48274
96220
87494
90992
88132
67464
84136
82291
92686
85627
89266
94744
79861
5300
93835
93659
97619
92256
41865
48007
93876
32247
98784
79821
92308
98135
44719
85737
49973
44791
41477
89851
56254
49271
83747
53764
48011
78483
94175
86298
88908
90415
97147
91554
44232
44490
78140
38391
44161
37786
86019
87620
92034
98155
89641
98237
87340
93061
47003
55186
86059
47817
98214
94692
90502
76692
98316
55975
20019
81852
35979
27326
18843
89833
84135
84156
96714
89479
90283
88690
84225
95975
97977
97414
94958
89586
48473
98566
82431
54703
19310
77818
89500
3938
99543
44936
76732
42079
43282
48068
88392
84293
90004
92326
98688
100187
96299
38954
23052
95737
91440
46634
88546
83519
85573
48402
92943
99054
87782
99057
90960
96855
90296
49919
99690
87755
49661
92815
22779
90855
94153
96709
86450
40838
100084
89975
56180
49053
96592
82729
97409
90282
89552
49980
100237
82188
76750
82662
98153
47615
86313
26138
89922
93881
84554
90030
85679
87217
46299
99041
91544
49666
4358
85767
93700
95738
37260
30302
49186
92447
96865
45449
46468
92829
42932
49604
84133
39284
95768
1545
53139
97857
88517
87520
95983
84826
89473
37832
93543
377
1788
95767
56250
4984
86692
31399
82140
77481
94448
88398
48680
87311
91538
94638
85257
83818
90067
50903
48596
45582
90152
83707
93573
84138
85857
96981
88821
74152
90512
89925
91722
98768
97246
93510
777
28882
89303
91227
2336
88648
24811
87048
91856
91736
87978
22615
46563
85468
43566
80868
87189
100063
50180
98399
46894
88765
98275
93713
96989
40876
28151
96184
82547
97318
77775
93322
45147
83236
96065
95441
42324
97634
96129
473
87291
96033
80888
82404
91883
180
49742
82320
88421
86459
37920
77476
45862
97032
16182
84957
96320
97049
89842
98069
85665
53834
86331
4997
100236
63779
86704
100164
32759
89584
40318
86654
99685
47094
99173
83984
77446
94251
88518
92948
90955
88007
87800
93550
24271
49191
86571
56183
95598
86802
84045
92397
90626
86136
88263
98883
19829
89837
89022
99563
38567
81640
92469
46322
96226
99126
82341
89406
94923
40292
91214
5066
93952
98441
76747
82733
93131
95584
84880
43548
81525
94956
84960
47729
86117
96942
84196
86489
81571
85976
94352
99799
88415
48131
91004
83397
90475
51665
92959
45225
81910
84530
27655
89306
89201
82423
39059
86233
56188
75344
49876
99391
88424
96312
98473
97266
93981
46745
99194
88124
88825
96426
85247
98532
91040
81697
43296
47115
47685
84463
1773
92750
90140
84855
3928
87630
27457
95327
90259
34562
98963
90284
84573
98736
85650
9501
77284
56204
80656
95354
46788
94331
83333
87872
93840
52869
81058
97061
42817
90839
87358
45849
87727
35118
37746
97247
100043
97334
91895
93436
93875
99988
88881
51513
93280
98593
82438
47772
88725
34553
97321
75220
45011
35859
99142
37993
23883
40637
90585
50854
87572
83127
99536
92961
86669
47524
85986
46854
88653
94268
93663
84682
89865
37986
91708
40846
92574
84104
29343
38403
175
76216
49441
41911
2061
99153
87484
85425
83413
98156
91139
39449
83073
86992
88629
99532
84649
93235
95638
89615
38574
90392
83720
95920
84895
91088
79065
39186
81795
44929
93199
92652
98524
79562
47637
44584
89883
94863
93787
128
98869
85147
90529
41064
100030
95442
58719
94347
82639
86509
81503
98895
97195
45478
90786
94179
89643
88494
91488
31104
27538
82305
38957
97090
98881
85402
53070
83090
39855
82367
42763
87095
86172
91354
84194
50944
24875
88687
77278
99666
90485
87022
49431
61100
66917
99378
47151
48376
87627
96286
89687
54478
93213
45640
89149
92464
91765
35305
90771
83204
96505
4238
84769
82726
45830
89694
53486
98554
88890
93283
94349
45385
98733
6062
89466
71918
97923
93678
90379
86614
48401
96428
84204
82844
97661
89844
89426
89920
46106
96704
96068
82988
96859
86904
5140
93923
88106
4268
88417
28627
5686
89111
89959
44935
93386
45519
86663
99048
86631
22521
90406
95388
81317
89024
100091
4878
95986
49839
43446
39728
97135
93203
92359
50255
46226
87041
45243
86881
88887
76180
44750
89363
42310
41561
93557
92727
98818
32812
85424
84687
48568
81770
76422
72899
93290
84206
98276
45482
86762
91596
83525
94639
47383
98125
94603
38272
44485
79073
76591
97210
87925
93265
89348
91557
90508
78370
47884
38975
43063
47328
93620
45612
43892
93661
86892
51752
48099
79923
53131
84210
48513
96916
87970
40381
95587
40259
45593
46124
93887
91985
87232
83645
49659
88264
28825
90050
44735
94855
93519
91677
99133
91287
44131
89804
48726
98564
90808
75905
86798
98496
91797
90597
87932
94307
46987
93168
50258
95265
86852
95926
98142
47592
15933
94233
93164
83217
87793
99950
94368
82985
88753
98141
47967
87503
4313
78695
86504
88080
100029
95915
97832
82554
89889
94704
98204
45666
98262
85470
44803
88882
89074
44738
50300
35147
92875
89917
82686
88514
23685
45908
98253
92796
97689
88006
89671
42830
97380
56187
88582
23538
89384
91871
89699
21314
95660
49474
75685
98303
96197
49318
91697
92601
85277
86416
100144
45678
82251
96721
39346
94742
83366
90291
84861
89960
93665
17758
93503
84553
95495
60
89404
78729
86687
89591
95055
88170
55873
87666
90923
38799
52387
98145
85149
333
54048
87994
79817
84159
91418
89733
82369
100138
93367
86594
98563
68963
46492
81978
87152
83088
95097
87084
70908
2978
38200
85750
87322
96876
90760
94100
31536
83062
90895
83933
46635
40684
79792
66053
85261
69079
97099
82892
97459
82666
91710
3674
40050
84833
51627
40983
98743
81633
93450
95039
91789
83882
95639
91822
89521
87566
92626
87924
97514
96048
85154
43985
82789
93647
48533
92249
99107
47498
98723
92069
48100
99385
91130
95732
86038
85668
79853
49330
93834
93721
80578
55117
48630
89164
85107
46200
97072
91979
86600
97057
93813
95699
47919
89589
785
90294
91216
86275
44901
86820
99832
89848
75587
92883
88270
94043
90059
99329
90785
92229
41818
84917
47903
27056
84507
99127
100037
89539
83289
44928
97733
92153
83950
84655
100066
94669
88779
82399
70967
94344
95440
87515
98305
54422
94218
24282
93748
83087
95876
40245
83192
99024
91922
92270
94758
82124
54488
92454
51662
46743
44055
44623
50855
96953
95166
6061
85162
91429
21945
98527
47668
89235
83939
87004
97267
94640
89362
49978
50905
47941
39081
99920
84860
89094
35157
88859
92770
83571
94611
76729
95230
93649
89202
79774
41306
84989
81118
95604
91861
53955
97788
91828
83834
81895
95816
87462
93888
96835
77724
46485
28407
90868
92726
54424
44098
90776
22543
38770
88056
89665
85925
27688
92655
98778
45162
44486
40493
49265
86007
86327
88198
45464
94215
87881
88697
46912
83018
75695
86800
92813
77143
89134
97255
93838
3835
95534
88363
89046
89544
83362
93442
87820
87984
90010
91891
48616
97887
56014
98395
98055
46077
92427
49983
49037
58247
44104
41997
82175
92678
45307
1550
55260
54876
38767
96733
91739
89577
27748
40272
96661
91193
50840
98846
54619
100059
98561
81705
91192
88761
80525
96508
41789
95185
44838
91092
40610
94481
87308
83852
42865
88644
47421
94260
85238
95754
92463
92672
81879
88048
87463
12633
83332
89358
87290
89359
87940
93402
99678
87216
27820
1
98408
74003
86814
90869
24731
78527
89241
75349
91342
6264
85312
30522
97592
89507
99788
96945
90053
5192
80070
47130
55879
91524
5759
85972
55813
92312
49683
100021
42765
45942
89033
89254
77308
92451
88666
80667
70996
98546
49286
87375
92905
50897
41763
47145
86613
89458
87906
94201
97200
96594
94181
2334
39652
86079
75571
50295
84164
93629
89644
39787
3344
93889
85314
40176
48233
44482
91420
92871
95646
38311
92777
90574
97792
48763
91181
95562
42657
45868
51753
91565
96062
87249
1501
78031
38442
82246
93978
49007
26102
88027
91809
5388
96255
89436
83075
77658
96346
5466
95336
81914
99223
46944
75670
51317
92604
97495
43950
80544
97580
90440
83996
16593
88747
88431
40630
97622
89378
90212
46162
84183
40592
100038
93597
89528
84931
88054
28793
50048
82710
44937
48623
86053
46169
53098
88530
56182
99275
48155
89928
21767
88926
45046
91185
89449
88843
83182
77272
45491
35692
98579
91074
87746
88700
44664
98836
88586
91304
99157
44518
36578
56181
85590
84731
100000
90958
88458
89556
88624
87549
39153
8127
92024
78350
41096
96991
76214
88413
86671
46541
49416
93775
85001
90297
77894
46103
38630
78167
50737
90290
82531
92198
86380
46447
49272
82332
86973
91315
94808
69640
98422
84290
93672
97831
99364
97323
38462
86997
1771
87802
41081
48321
91859
83938
87214
36051
34450
86301
92599
97213
88017
91668
93372
97427
84922
40884
90782
39119
89380
89537
83634
38295
92283
51621
45759
44268
88679
89656
85365
89474
31588
91629
642
87799
82599
93200
54149
96020
92496
86787
93925
92825
88982
38559
93874
96718
33322
41402
79877
89307
39980
46598
88063
94042
94018
48341
82817
92723
25703
23389
44585
24618
98518
76746
78629
3042
92158
46573
91253
80691
83865
86621
90892
91188
92946
95982
47460
88031
48753
44825
43624
91104
97554
97754
42506
44687
88968
99455
87476
91807
97412
91161
41893
95879
81049
88741
99594
89932
47905
45467
88154
98035
94155
93425
33030
5130
78015
89292
48407
93183
98886
87289
92484
98585
43251
51670
88786
85850
60641
83270
98665
47857
90411
53162
88760
85696
87243
90445
1572
41002
39471
91047
48625
93718
91670
86996
47970
40725
82689
85772
37810
94494
93761
87578
91348
99104
89773
49696
30955
89203
92780
86916
44282
92609
89175
82974
89948
88194
48196
96106
92240
95976
90133
86639
79559
98359
96984
96892
87079
47036
90762
85603
91777
33169
83997
48788
92013
91076
93201
92650
85477
98507
88701
88527
86975
92448
96239
94204
91428
99996
94852
46472
77136
1774
98279
86338
51673
98739
96298
83869
98247
94708
83550
99908
82071
84849
86168
91617
76629
84702
89969
45540
84070
91310
87571
82607
47830
90724
24257
40466
89807
93003
84287
96227
98283
88561
80809
90024
32193
92485
82313
40724
99092
93891
37734
88386
92518
70596
91769
38812
48079
89323
94649
95990
23876
46594
95961
82350
42307
47126
95349
96712
86178
47232
49165
91763
81785
5404
46112
45110
91422
76404
47374
84003
95988
90505
40282
16797
36494
93446
98871
95338
84151
93666
89490
81690
86044
85970
87086
48156
87467
90733
48133
42983
36493
44361
92987
85084
82829
45321
2348
86406
83952
82429
99670
14582
92864
44484
97156
94710
98675
38047
49971
84718
83414
100168
95302
92149
88010
98634
45885
90082
98562
90446
93828
45795
47434
48033
84158
53295
89575
19353
88057
48971
93126
45216
93340
43480
44211
93609
59948
91426
32645
91571
88594
96996
86281
85730
49240
88762
4756
88320
23612
94309
90942
87557
55834
81490
77477
48958
76744
76757
89997
76571
38398
88763
56488
90382
81519
94697
91842
93293
47672
46796
88580
94748
34015
95178
99653
85146
85781
95111
12922
99058
48761
89696
99109
48976
94053
95038
25224
51248
94898
95021
86212
46936
92008
40903
45234
90975
92548
40091
97623
1976
86796
41138
39763
44624
87112
46822
84266
89413
92612
93547
48293
88789
90774
93890
93188
97352
46114
45370
88672
89947
50896
44148
94784
92146
75917
40149
88342
96436
69473
86179
89958
93926
97095
88599
50233
98252
89067
91477
82409
82424
92144
84659
78143
88736
96157
43348
92635
83198
89753
90910
83640
47737
95918
77478
88258
94597
91927
88985
82915
96782
90586
45268
88605
98748
89514
70453
48015
25310
89093
91122
83854
96752
87016
86181
84869
81003
86311
91717
88978
89954
45777
85472
93056
77471
43213
48289
82155
91369
41888
93292
85751
93511
93426
95529
89668
49127
95096
82157
94754
90812
84977
41643
47852
85287
85482
92951
39524
85945
90858
84750
87593
48276
92831
82615
94698
47146
81656
37712
78204
83892
98490
91247
98284
88587
88984
90321
93294
36689
86910
90072
55586
49783
95764
88089
82198
48162
96119
88787
89585
85794
49901
97810
27822
46584
84582
91089
98352
84866
91505
47505
84724
92056
88437
46929
44778
91502
90604
39574
97071
46177
86503
84368
100192
91311
91564
87847
49022
100035
97289
85648
92328
84757
88340
40427
84259
95514
75505
82417
81636
45945
74517
38106
28129
28204
93174
86771
39306
82715
42530
91197
89265
84840
79116
44198
13758
46388
89245
92665
47147
81642
45647
82796
97568
44200
82804
94035
91529
49412
91534
45845
84119
87815
84173
98653
83231
48088
79755
80422
98132
45375
54085
93516
92971
82694
91750
20442
99460
92215
47315
96878
93829
98515
55807
93326
43225
97665
81748
88992
86495
40654
97152
97505
96222
97928
3122
37670
89911
92788
89744
90451
90110
84399
87379
88815
90815
95991
86321
93133
86234
97244
40355
96242
87521
88277
90943
90288
88646
97872
79053
38455
45067
85475
93636
48275
94396
90237
84948
83354
92767
84447
81667
49391
82240
83030
97074
97755
85981
91934
86778
85321
21965
82441
85384
82227
55312
87574
87741
47040
49582
82702
67787
83328
83650
90432
84492
86965
94401
95472
82250
100036
78477
87093
4308
82927
85370
92960
82742
50067
80273
95109
77281
92863
48301
80512
81666
47292
87224
99672
85685
47037
82490
83787
91336
5401
83618
82845
88172
82355
99389
38397
98467
77769
86492
87783
99840
53954
90507
82812
56255
29998
84549
95528
53689
91888
89966
36501
37273
94392
92480
94373
55496
89450
88213
85282
88784
48603
46694
86785
83750
88708
89817
76737
38890
85335
93345
84838
84660
88197
46829
90675
44573
88134
84572
86284
94750
92908
84996
89763
90303
95325
81902
45709
98282
41310
49103
43620
86841
43858
92257
44475
92772
49316
45617
98780
93894
92711
40362
92884
89740
25565
47016
42066
93317
99734
89346
84095
45648
88075
46756
90962
27894
90767
77345
2829
79835
78028
85363
76139
91655
43558
81116
44224
78702
88133
89135
47090
90362
47257
94333
31811
92375
37943
89373
45928
84407
86733
92620
84672
86611
84398
91541
99794
38578
88740
88229
92373
48941
82117
89315
82645
91062
99980
90016
46064
97136
96525
90690
25385
82668
91447
85688
92691
44520
95290
93816
88479
47935
93028
90256
83247
92368
81725
89247
88339
45866
45798
95437
45317
99511
75398
88764
90501
40485
86025
85254
91760
49533
98959
95427
92396
48972
87179
91672
93774
87333
94709
37864
94751
92245
89454
91138
90095
92306
88820
78138
88082
87936
82619
90343
97766
90567
98844
91911
92552
88588
85904
43933
43141
46093
39495
80771
82511
48538
49443
48381
86924
28434
82650
96075
76213
82799
35151
89337
87753
86010
92593
84951
28297
78148
95171
46736
86748
86709
89856
92374
94286
91186
97141
90289
72203
97553
90540
39334
54093
98505
47332
90281
52351
84616
92238
59847
49305
85232
84952
5484
38142
90552
87768
99003
54290
99047
45650
93208
93454
97951
4556
81604
94777
49745
98514
51983
2451
91947
3377
90978
95030
93509
47240
99509
85824
41567
96856
46648
49490
44907
87957
97087
4581
90369
45813
84123
91952
6193
46070
4557
92845
27286
45305
96465
47653
2370
81375
90117
87096
46794
98729
90844
54393
89442
95723
3156
81447
3520
48800
97511
90914
82583
96038
83855
1255
99170
94275
46012
95762
3828
47831
86346
44049
2810
90524
59628
93000
93344
44278
84666
82088
99084
3465
82631
29605
88709
85372
47345
89684
83408
88126
48606
88330
94526
95117
44657
42854
32225
39700
91278
83365
93608
40912
48594
89064
44725
54486
45026
94802
97942
92922
27911
91635
90334
88566
93342
79859
94577
42070
88448
44197
34591
93786
55933
44746
90373
80607
87518
86608
89446
83639
100139
44534
89923
45064
89663
90328
99079
95573
91492
91292
78273
92162
49584
84445
26386
92319
31715
95565
90112
426
2002
53194
97944
48823
97751
84004
98951
93166
35348
42320
49113
48102
88994
45460
46917
37675
50346
34173
89144
91746
49656
86393
93146
91945
96963
91645
91546
94421
98121
95168
89349
48709
50065
99305
93072
99502
44618
53845
49201
56101
91419
91788
97312
51758
99565
97659
52128
82771
54287
55673
83500
80386
89588
88273
46968
48399
99822
22399
53061
95385
37956
93461
97343
91696
96998
92491
42229
45563
77619
46003
93479
61464
94889
663
92090
54068
39381
46461
99776
52368
54063
99388
92072
95391
85711
97591
93836
3466
88138
93741
90366
90031
33237
53204
4277
93014
97437
94082
90157
90320
1067
99602
95701
27898
48294
44898
89056
94381
86192
89903
85178
86956
88573
88682
27259
24139
95240
99121
77861
45127
88262
94579
93631
96115
39996
38941
37930
93393
95796
82173
694
2518
37192
92443
86069
99085
39376
4170
93635
38459
97051
98714
81943
53468
50032
93082
93043
38944
56395
50476
94826
53434
39197
49008
47809
51472
87354
93036
96629
88476
92683
35350
46719
95249
33296
100234
125
40002
93324
99956
94408
97744
89485
6256
91869
90571
40246
91519
89440
91586
50593
96697
43288
94169
33524
99015
99418
91261
96950
77997
42378
83537
24555
91309
79781
47532
93400
100156
86076
99352
47391
47992
44487
44220
93050
97794
96587
95086
769
91795
57168
98198
50171
98493
95769
88897
86729
54382
54539
42725
45918
53133
98915
40256
88931
91281
94990
54002
59558
54827
87590
100185
95615
96914
30878
93809
96345
55247
56062
88902
99235
89836
77065
83573
94297
89578
44576
87425
30219
80007
51756
96783
85408
53976
45585
89821
91889
2339
47829
89736
93140
93811
82366
52857
98874
97398
94418
45758
81720
90819
52021
96648
88851
87850
92116
71314
91579
91179
19187
88933
49587
90028
43336
38153
3296
97191
95154
89896
90273
95147
70143
42502
44639
92743
93052
100200
98261
96515
88914
90780
96398
6194
33293
93460
55226
44305
97405
96133
96932
52434
20153
94151
77636
48855
33887
47128
39803
92316
90889
94157
44256
83561
96772
6417
56095
43269
50783
91070
95092
19787
92349
98095
87941
89953
88164
82894
97133
82805
31814
89017
1417
84934
30943
94646
