46124
47088
48964
47013
42895
49438
45477
47618
47224
49771
45423
49639
37846
46091
45567
46422
46762
44713
50091
43965
44048
46497
46453
42342
48224
45563
47858
49354
51812
46529
51309
46923
47265
43623
44850
49670
50030
44701
50691
47172
46581
49756
48386
45497
47333
37840
46892
49172
48377
44001
54001
50786
56351
38180
48578
53820
48535
53382
46123
44003
44382
49528
53882
51444
55099
55675
49925
46505
52229
51634
48428
50682
50539
54928
51826
50733
53930
52490
50534
46981
54295
50193
49237
49699
50593
46765
53438
46770
54470
55140
46655
54680
50213
52145
54118
52922
51172
51239
55095
50956
50484
50336
51064
49718
51354
52694
50694
46293
51347
52686
48728
52543
53440
55108
54158
55386
53565
50333
56823
50668
51952
38062
51163
48489
52692
54159
50449
53919
52916
50360
50943
50572
54559
53100
54188
55397
43938
50378
53411
52020
52778
54631
55553
51587
55760
52436
44090
50714
51888
51745
53504
50131
51197
50256
51351
45973
55769
48340
46387
51695
55406
55221
48334
54818
46688
53298
50482
54129
54979
57671
59733
55356
48540
51822
52296
50663
53943
46046
54235
49900
46548
55238
60316
53196
52357
57902
53013
44884
54136
52776
54009
53188
51945
55473
55017
53535
51970
56543
60946
59739
62451
55495
56951
55791
51232
52780
52846
54712
59647
56755
54370
51337
61414
60703
56947
61089
61476
56397
58042
53127
57763
56485
53318
54903
56558
54514
55952
56664
50795
58502
58215
61746
61426
56246
55786
61052
61686
58515
56977
54966
60875
56925
61189
52361
53043
60882
60967
55910
52625
57182
57452
59794
56475
54319
60229
59187
60742
57808
57779
56409
60240
52614
50460
61831
60509
51757
57704
60383
61914
60226
60326
57504
60247
56601
57619
53932
60443
60214
56980
62126
56396
61339
61719
59769
62162
57636
58804
57262
61769
58670
57493
58972
59154
52814
52831
58729
61983
66626
62482
62106
58162
57005
58370
62568
61521
62977
59432
57603
58117
62304
51883
51136
57232
52578
60412
59177
60749
58894
62184
59186
61671
68911
59419
64551
61817
58137
61045
57535
59570
62621
61631
59896
61462
60514
58619
61393
59900
56972
56844
62299
56895
59497
61970
51923
57482
56441
61375
61915
61576
59137
61995
57868
62460
60140
54746
57442
61438
53381
62132
63570
57324
58354
57958
57766
56613
62271
63369
57298
57995
60579
64485
52961
57072
60532
61368
61611
58501
59773
58299
65213
56958
66003
58669
66486
62124
58874
64583
67048
62176
57928
59792
58302
59199
61534
59780
62795
67975
64090
66825
67529
62059
67601
67629
68205
66992
58067
60635
61741
64639
67000
58306
66083
59300
63257
67007
67758
62485
60584
60604
58101
61387
60492
59839
58294
58850
66219
67810
63151
63534
67533
63227
67336
63701
66774
67002
60908
50592
60421
67734
63001
62181
63843
59165
66499
63722
68171
67964
67247
67764
64825
64233
63268
66592
67405
63397
67739
65034
64577
68427
65458
60619
65069
61154
64999
67916
68371
66445
59091
66216
67769
63400
58263
59372
59772
63657
59344
60436
62524
62685
66970
59023
62833
64758
65886
66891
63205
65005
64879
64709
61081
65235
65053
65002
57627
63237
57714
63109
67632
66158
65017
63900
66360
63154
64468
63094
63864
74211
68428
65459
70240
68430
58917
67525
57264
58818
63508
65675
67256
61684
68184
67187
64234
67177
71067
65700
60132
67841
66812
59687
57838
67656
66367
57751
63610
59606
68109
66446
64695
58803
68783
68873
64349
62928
70389
65974
68558
63838
57741
68567
57781
62321
62781
60056
56776
68001
63628
64514
68725
63844
64562
68465
71741
69581
63350
67710
63496
68801
64850
58275
68825
68832
58270
69477
65865
68394
66993
65546
67181
68321
73944
65376
65310
70352
66786
70439
64430
74749
73101
64361
66218
57420
63939
68221
67742
71024
73894
70429
68019
68327
65864
64538
65371
68323
72677
68826
68524
64766
71471
63553
65250
74470
66823
66900
67373
63517
68726
64295
62776
64576
62887
67689
69060
72693
70355
74639
65026
75149
73357
71084
70122
69122
75106
81112
71079
74413
69914
65352
66487
67542
67621
73231
71486
65780
68407
74020
67282
71334
71727
74299
71200
71684
65791
74636
71259
74690
72115
71052
71514
70192
69732
69276
72415
70537
73002
72765
65957
71498
71048
70028
71071
63464
64768
67772
62931
72426
71559
69359
73789
69117
72019
73452
73614
71940
71482
70784
70680
70627
74695
72149
74817
71822
71192
71821
71561
71613
74735
71407
72902
78836
73508
5081
73921
71513
73905
72887
74354
71628
69759
74414
75573
69318
74659
69910
74485
69624
72393
71811
69222
71641
69103
79168
73638
69501
72129
80209
76504
74271
72227
73488
74759
71817
80059
80491
71606
76002
73529
76886
77753
73645
72583
76233
75793
75253
73639
71380
77550
69399
79086
75594
77985
77205
77328
75982
75273
79178
78749
80538
69394
69224
81311
76499
78499
76976
69142
75856
80155
79027
80897
87377
70580
71916
79279
77819
72925
72791
77529
80363
69940
79496
72308
80678
86741
78746
77344
75498
72624
72319
73547
72048
70652
73810
71630
77249
69625
73374
77317
80746
76293
76457
63155
79363
77423
79329
76892
76724
80960
77416
75684
76430
76945
77183
78205
77672
76038
80714
80426
75877
84789
83137
81401
80950
79087
75528
80750
79191
78590
75341
76026
85919
76581
76760
84810
76915
76891
79316
77488
86570
77804
83102
76399
87279
82267
81881
85345
82876
84722
82857
85738
85853
84872
79794
85787
82007
81826
80854
83788
81918
84878
81780
79399
83151
85802
80633
84247
82684
77089
78634
81999
76896
76313
76922
77285
82672
85223
84022
84705
78580
78730
83502
86132
73145
80937
83935
87057
84253
83794
84257
86012
87166
83430
84109
83619
84044
84032
86829
78487
80891
81383
83862
85532
87347
87223
84012
83681
82303
86979
84332
85856
84352
84249
81638
77616
82043
83723
85448
84087
86451
88103
85772
83309
85846
84367
85967
85986
84486
78987
82153
81591
86631
83713
87016
84045
84861
84048
93462
84852
92108
83371
82988
81972
83359
90638
83551
90108
83851
86594
93429
92986
91488
93035
92468
83956
85143
87855
85952
86484
89150
81743
92064
91550
92371
92152
88917
93901
88874
90226
82160
92120
87926
99907
93427
84655
92685
88654
88829
91155
88000
88305
88064
93292
88494
90200
84888
90522
89995
90297
92575
92895
82259
84164
88472
90479
90757
88818
91859
88914
87792
88466
90868
89358
88221
93353
93626
81726
86142
92074
90888
84123
86273
89245
92569
85147
92586
90786
87907
90778
89140
90603
89908
92898
84204
90616
99927
93480
89988
89579
89338
90354
93931
88058
91349
92557
88663
88410
88705
88556
87929
93454
92109
93611
93341
93525
93066
96208
88999
93360
91022
94950
93384
90937
98317
95964
92434
93554
89580
90361
94753
98926
98543
97408
95632
89597
92715
90620
94354
94272
94065
94297
97652
88511
98535
94350
93377
94448
95364
88697
100147
97628
94876
97625
97293
95316
88690
96146
89450
96000
95027
94410
90838
90204
92440
92712
88189
91428
98749
99504
95713
94913
92939
96865
92344
89171
99172
90761
98736
89466
89077
88730
88973
97294
37297
97973
95056
91020
94811
100166
93478
90631
40725
97634
90400
95416
95351
97328
92333
93706
89496
96417
92233
97703
98407
97260
92619
93042
88896
99954
95135
89069
95659
99478
90375
97169
93583
95271
89934
92991
89453
92719
89013
96329
94014
89476
94549
92534
96102
95090
99736
91264
96532
90291
91260
438
91025
98791
93491
98367
25243
97732
91578
93495
92338
90412
93373
90178
91385
88668
93013
92163
91497
98622
97355
98683
88178
97745
96019
94522
97780
90391
96210
96901
87488
100077
100198
95690
95592
99316
94214
97029
92745
100172
95590
2125
97537
96909
88227
97100
90714
98221
3895
94894
95881
1954
95084
96181
97060
95747
99205
94208
97030
96240
96443
98896
97379
95912
5614
97461
98226
4744
95741
95479
97105
95730
98607
94939
94432
95278
96267
95969
94210
95208
100178
1041
95939
5775
2344
4865
4338
5902
99686
97282
8138
7590
1622
4019
97955
3999
9921
1544
5583
94231
98027
2277
4252
2906
97604
1098
7863
1720
94274
1105
2774
8423
906
6324
4140
12459
4562
5923
5572
6544
10747
10253
96406
2896
7674
4394
188
10111
7702
7783
9527
9932
5317
4531
7643
11294
8498
1219
4592
8302
9598
4609
10451
96781
9414
2650
3386
5791
10622
6382
8611
6644
6121
7136
96564
12258
7492
10165
6442
11031
9692
7796
7705
692
7312
8301
10180
11768
10169
9724
10619
11219
10323
10730
6298
11788
11646
10384
11592
6294
6555
4769
7121
11228
6860
8836
10209
11599
6577
7516
2778
11189
7274
9649
10809
7692
10914
11401
9676
13834
12169
8160
9592
12113
8490
10394
7958
6769
9765
7887
8632
8439
2118
8757
11140
7378
2771
10028
11848
10264
11806
9066
14047
11697
8911
9299
6484
8030
8543
9172
7123
12080
9069
11764
11112
7111
7260
12166
7080
12900
8969
11640
8991
7554
9302
11582
8870
10945
9187
10787
8011
8465
12465
8986
7881
12142
11798
8547
11340
6493
7707
9033
7258
8549
8930
6498
8548
11950
9669
10897
14560
8980
6722
9392
18035
11160
9734
18252
18363
13807
9572
16264
17395
13643
17600
17405
8976
18308
10287
7464
7752
14074
16549
14773
10750
15097
7170
13780
16713
14766
12723
17640
16502
17136
16437
13666
15172
16899
12878
15128
15752
13883
17721
24061
15472
8777
21397
16857
15729
18638
15516
13508
14394
15282
23559
15230
15745
10270
10946
13775
13230
17390
13526
21913
16541
16008
16087
16667
13642
13239
13525
13376
12691
19357
13496
21313
15538
16336
15011
15395
18451
12983
25024
14110
18779
15781
13720
22571
25054
15713
21896
15277
23346
17686
17180
15973
13469
15237
18186
16198
15170
16098
18277
13484
14169
13622
15519
20728
18488
18156
13639
23539
13808
22454
12763
18215
14813
23503
16420
12771
24643
15660
17451
16489
15227
20748
18567
16019
12685
20950
87844
20216
14026
22659
20090
20730
24573
14963
22782
22758
21337
21604
13933
19158
23819
23801
21862
18851
25453
19499
22017
19086
23164
23848
17835
20995
24328
19490
19585
16535
24299
22245
24338
17209
24428
24713
24939
21516
22890
28955
19852
20683
20911
21395
21563
19887
22839
21065
25047
21400
23475
20429
19637
24151
21561
19072
24586
22107
20537
15833
22477
21458
24135
21305
27090
23022
20518
24029
21962
19050
19577
21850
20850
22281
19028
19368
28719
21497
20483
29930
18893
30262
24576
26197
24090
21334
27052
26059
22349
25619
22345
22195
20550
27995
27117
27637
28626
26115
25217
30558
22238
27868
19173
30658
27404
28910
18913
26154
28618
31157
30781
19611
27197
27129
29716
22102
26101
28542
28260
25822
28794
27800
23272
26708
22817
20248
29147
19994
26355
31016
21228
20291
23085
23430
22187
29587
19332
22284
21185
25449
23394
28339
26348
30669
30251
27475
30607
19933
22023
25191
30186
30836
26156
31718
23490
20121
27702
30590
28101
29461
28567
28113
30465
26806
29922
28272
30459
30113
30593
25850
28290
27136
25304
28275
27101
28804
25203
27029
30043
29207
27692
26633
26581
28902
28284
18949
28359
19313
22841
28929
19312
29683
25633
32445
30420
31640
33666
33358
35097
28607
29540
34883
31736
32075
31427
35329
32267
35434
32332
32324
30841
31360
32671
36067
35645
34913
34896
36031
32482
35538
33560
36942
31995
31914
31827
32182
35539
37160
34943
36777
32317
37179
30487
36514
32170
31456
31516
32031
34524
36516
34375
33189
37433
29065
36378
34964
36829
33525
37500
35726
25148
34342
33851
36881
32519
31577
34581
33366
35057
36180
37469
36092
34373
35923
39544
34713
32279
37199
33957
43447
35958
37064
33072
36660
37473
36370
31369
33974
37522
36528
37217
33003
36669
31402
37171
36138
36311
33454
32242
34284
37764
35778
35965
25574
32413
32936
35112
32654
37089
40803
32694
41992
36016
39555
35561
33611
45969
25595
39951
36963
40921
33713
37203
32325
32463
34553
36335
42651
37530
40869
37302
43167
43697
43146
39502
38333
31345
41322
37842
43612
42002
42941
38344
40143
39220
41154
39654
40607
37814
40820
42452
43790
40290
48188
40545
43797
38835
40195
42907
39858
37736
40627
42182
37778
40246
40316
42965
42513
39343
39415
40486
43069
41415
49686
45718
34760
45642
46018
45845
44220
38795
44288
44121
39932
45389
39419
38958
46968
37914
45018
44013
43945
47264
37949
44853
43792
41789
38338
41141
46100
47674
49961
48939
44356
42463
45989
40016
49578
48967
38844
48541
25224
46001
49986
46209
40591
38949
47954
49467
42928
38615
40024
40990
41735
45854
40215
40129
40252
41299
47338
119
39345
41480
50241
40983
46494
49309
38860
39658
36484
44816
46752
42049
40717
38554
42871
43324
41079
43627
38823
46524
41059
39043
40049
46816
42985
45784
39784
49421
41642
46531
48553
48958
47864
45797
49055
46124
