46124
47088
48964
47013
42895
49438
45477
47618
47224
49771
45423
49639
37846
46091
45567
46422
46762
44713
50091
43965
44048
46497
46453
42342
48224
45563
47858
49354
51812
46529
51309
46923
47265
43623
44850
49670
50030
44701
50691
47172
46581
49756
48386
45497
47333
37840
46892
49172
48377
44001
54001
50786
56351
38180
48578
53820
48535
53382
46123
44003
44382
49528
53882
51444
55099
55675
49925
46505
52229
51634
48428
50682
50539
54928
51826
50733
53930
52490
50534
46981
54295
50193
49237
49699
50593
46765
53438
46770
54470
55140
46655
54680
50213
51514
44195
50144
51215
54244
50446
50542
51806
54305
55860
51000
52642
50162
50296
53797
55635
56188
54640
45078
51189
55914
50369
56366
54064
53935
54865
55643
50153
48090
44302
54465
51457
54572
50616
56103
51265
53234
55725
51592
96451
4710
18495
1928
5518
97192
4464
3254
3633
5605
98781
95855
5531
12570
2450
5381
3944
1478
3904
3619
4345
4751
96413
3872
4410
4354
97026
5523
4687
1332
6010
98744
1345
102
4004
6097
614
2935
95000
94880
96409
3483
3287
96348
97368
95463
98555
95730
98607
94939
94432
95278
96267
95969
94210
95208
100178
1041
95939
5775
2344
4865
4338
5902
99686
97282
8138
7590
1622
4019
97955
3999
9921
1544
5583
94231
98027
2277
4252
2906
97604
1098
7863
1720
94274
1105
2774
8423
906
6324
4140
12459
4562
5923
5572
6544
10747
10253
96406
2896
7674
4394
188
10111
7702
7783
9527
9932
5317
4531
7643
11294
8498
1219
4592
8302
9598
4609
10451
96781
9414
2650
3386
5791
10622
6382
8611
6644
6121
7136
96564
12258
7492
10165
6442
11031
9692
7796
7705
692
7312
8301
10180
11768
10169
9724
10619
11219
10323
10730
6298
11788
11646
10384
11592
6294
6555
4769
7121
11228
6860
8836
10209
11599
6577
7516
2778
11189
7274
9649
10809
7692
10914
11401
9676
13834
12169
8160
9592
12113
8490
10394
7958
6769
9765
7887
8632
8439
2118
8757
11140
7378
2771
10028
11848
10264
11806
9066
14047
11697
8911
9299
6484
8030
8543
9172
7123
12080
9069
11764
11112
7111
7260
12166
7080
12900
8969
11640
8991
7554
9302
11582
8870
10945
9187
10787
8011
8465
12465
8986
7881
12142
11798
8547
11340
6493
7707
9033
7258
8549
8930
6498
8548
11950
9669
10897
14560
8980
6722
9392
18035
11160
9734
18252
18363
13807
9572
16264
17395
13643
17600
17405
8976
18308
10287
7464
7752
14074
16549
14773
10750
15097
7170
13780
16713
14766
12723
17640
16502
17136
16437
13666
15172
16899
12878
15128
15752
13883
17721
24061
15472
8777
21397
16857
15729
18638
15516
13508
14394
15282
23559
15230
15745
10270
10946
13775
13230
17390
13526
21913
16541
16008
16087
16667
13642
13239
13525
13376
12691
19357
13496
21313
15538
16336
15011
15395
18451
12983
25024
14110
18779
15781
13720
22571
25054
15713
21896
15277
23346
17686
17180
15973
13469
15237
18186
16198
15170
16098
18277
13484
14169
13622
15519
20728
18488
18156
13639
23539
13808
22454
12763
18215
14813
23503
16420
12771
24643
15660
17451
16489
15227
20748
18567
16019
12685
20950
87844
20216
14026
22659
20090
20730
24573
14963
22782
22758
21337
21604
13933
19158
23819
23801
21862
18851
25453
19499
22017
19086
23164
23848
17835
20995
24328
19490
19585
16535
24299
22245
24338
17209
24428
24713
24939
21516
22890
28955
19852
20683
20911
21395
21563
19887
22839
21065
25047
21400
23475
20429
19637
24151
21561
19072
24586
22107
20537
15833
22477
21458
24135
21305
27090
23022
20518
24029
21962
19050
19577
21850
20850
22281
19028
19368
28719
21497
20483
29930
18893
30262
24576
26197
24090
21334
27052
26059
22349
25619
22345
22195
20550
27995
27117
27637
28626
26115
25217
30558
22238
27868
19173
30658
27404
28910
18913
26154
28618
31157
30781
19611
27197
27129
29716
22102
26101
28542
28260
25822
28794
27800
23272
26708
22817
20248
29147
19994
26355
31016
21228
20291
23085
23430
22187
29587
19332
22284
21185
25449
23394
28339
26348
30669
30251
27475
30607
19933
22023
25191
30186
30836
26156
31718
23490
20121
27702
30590
28101
29461
28567
28113
30465
26806
29922
28272
30459
30113
30593
25850
28290
27136
25304
28275
27101
28804
25203
27029
30043
29207
27692
26633
26581
28902
28284
18949
28359
19313
22841
28929
19312
29683
25633
32445
30420
31640
33666
33358
35097
28607
29540
34883
31736
32075
31427
35329
32267
35434
32332
32324
30841
31360
32671
36067
35645
34913
34896
36031
32482
35538
33560
36942
31995
31914
31827
32182
35539
37160
34943
36777
32317
37179
30487
36514
32170
31456
31516
32031
34524
36516
34375
33189
37433
29065
36378
34964
36829
33525
37500
35726
25148
34342
33851
36881
32519
31577
34581
33366
35057
36180
37469
36092
34373
35923
39544
34713
32279
37199
33957
43447
35958
37064
33072
36660
37473
36370
31369
33974
37522
36528
37217
33003
36669
31402
37171
36138
36311
33454
32242
34284
37764
35778
35965
25574
32413
32936
35112
32654
37089
40803
32694
41992
36016
39555
35561
33611
45969
25595
39951
36963
40921
33713
37203
32325
32463
34553
36335
42651
37530
40869
37302
43167
43697
43146
39502
38333
31345
41322
37842
43612
42002
42941
38344
40143
39220
41154
39654
40607
37814
40820
42452
43790
40290
48188
40545
43797
38835
40195
42907
39858
37736
40627
42182
37778
40246
40316
42965
42513
39343
39415
40486
43069
41415
49686
45718
34760
45642
46018
45845
44220
38795
44288
44121
39932
45389
39419
38958
46968
37914
45018
44013
43945
47264
37949
44853
43792
41789
38338
41141
46100
47674
49961
48939
44356
42463
45989
40016
49578
48967
38844
48541
25224
46001
49986
46209
40591
38949
47954
49467
42928
38615
40024
40990
41735
45854
40215
40129
40252
41299
47338
119
39345
41480
50241
40983
46494
49309
38860
39658
36484
44816
46752
42049
40717
38554
42871
43324
41079
43627
38823
46524
41059
39043
40049
46816
42985
45784
39784
49421
41642
46531
48553
48958
47864
45797
49055
46124
