462745
467847
856972
861000
372851
935633
854448
842766
399098
396070
472215
957958
798756
897196
405510
892034
403646
433661
444837
896458
929951
943325
879314
898167
945431
935693
876758
438267
956041
463305
911175
431635
472297
959287
435025
587077
850374
950708
891140
909990
869318
959948
431691
431959
834312
867876
924415
863152
887594
823146
448805
453927
456390
393030
935623
890874
437168
462667
465986
881684
865982
443735
444871
427503
860740
458681
933164
959977
555284
866795
430335
886498
435287
448704
847403
465127
439105
368820
850640
844720
373170
849115
950403
870245
904024
937317
842216
463281
930487
850929
913405
836550
940451
797848
877283
890030
927039
959238
811893
914915
806282
815763
386107
900305
901499
933098
919085
865969
802262
868604
934825
844180
912993
908887
933215
944301
789513
872374
784244
914895
479324
461477
901525
122548
861997
920341
865667
953129
873872
865083
793052
898637
912579
887719
872608
908167
861091
944875
784811
798496
878917
822345
881162
861748
864211
933431
875002
864454
876062
827058
953217
941923
783978
847310
905954
897637
835364
861374
811883
866137
847502
864033
847975
869406
864643
846969
848601
876634
850252
878727
780340
893052
815725
859785
846995
841751
823078
824711
842686
782338
847468
896417
787100
840687
873757
855035
885578
897337
814000
867007
902367
895369
787538
944067
805612
838840
890927
940465
943401
859256
922563
818622
805396
820672
820885
884687
798602
824791
895333
860571
867292
812771
959657
881875
898562
805385
850504
791212
824284
890967
856261
792948
848547
892985
801718
855657
866855
885525
928843
898796
800964
866309
846263
796912
821128
898274
898699
837224
909867
841355
895921
805933
899194
836280
844774
897309
898059
846787
853797
881691
881772
830821
879199
829730
832510
880444
871261
803374
888919
869584
805656
814195
801108
843182
850147
841765
935617
872429
861603
827826
794442
893806
790744
814354
867440
883005
793178
806458
862399
813360
851139
786382
796312
855037
859252
877025
849029
878349
861657
885487
826589
846715
876007
796290
875255
881827
851148
360024
851126
861344
881787
851925
892304
871336
882718
879834
785324
841284
734815
869865
892843
860235
789030
17188
116591
830841
811142
883057
894207
800054
824854
794440
847365
199538
826240
722250
869669
858568
857351
849043
805308
806647
844029
878311
861019
882039
794560
805485
790926
784638
731160
874679
834611
868831
891187
816297
882581
845749
868355
791412
830139
875507
875168
851765
806925
802794
855293
820140
786647
879849
834631
783546
854463
850915
805227
839586
798704
847057
780838
877463
862427
825277
898335
874033
831784
805268
833896
814215
873385
838886
800094
810567
772780
805531
816380
789240
770608
811377
810848
737090
828663
755360
805087
880735
884031
814826
833180
761812
829840
740898
890338
777190
772906
836902
807871
761031
831005
784657
856779
755328
752842
777552
881333
834103
829359
742892
870145
762184
860951
763664
804487
790659
724012
804102
822288
267501
870179
795095
853283
899984
739150
783755
832850
827229
758528
830979
833587
857605
791855
800465
804483
812887
775031
758558
762332
740131
794995
881419
816943
843545
789312
743477
795099
773468
767751
772758
790823
878707
859058
770667
840491
782177
816433
797101
806514
834775
729697
843019
791405
751887
797473
803921
807662
830550
736722
746867
839820
786499
819977
833383
759152
760310
743954
766158
828720
760438
787007
751762
753936
774786
742168
803245
745842
787732
721700
800143
823109
721238
748513
831847
725128
741391
835271
783955
724903
773326
761971
740178
789331
884109
822731
788095
768831
754412
771190
773194
757650
740070
773304
720572
816373
758828
746747
759095
812158
747028
731004
729579
793625
770842
784089
745364
750404
738647
795277
778876
837603
823300
837203
833041
766507
224324
839060
815285
839189
750337
837599
837069
723604
834005
767440
775080
825893
679917
770709
693498
837197
746388
835671
767697
735578
780397
796086
818677
818545
833103
747578
813279
780553
821139
766256
806263
817405
722448
835127
789981
808291
824207
788725
821289
813105
778377
827551
689522
814681
738115
745989
736991
797457
755831
821193
790669
764996
757354
682093
693634
764306
803775
753841
768741
802931
685704
798899
726880
775047
772872
737058
772537
824031
751862
750567
677090
756380
779028
810117
676718
780821
813343
776333
768253
782415
669599
727910
769840
772505
776902
731895
671968
756955
730085
733504
706276
733106
706520
667828
762578
738781
698558
702332
728963
678050
824317
743973
771005
817337
695328
692842
711554
706880
748167
690564
800951
739289
688724
730659
821333
767229
774094
666586
664012
737938
675182
683404
765588
796779
800263
775014
685496
741342
682512
717961
678282
774683
767041
663122
745264
670684
747657
692096
660638
679640
665058
706360
684924
718008
797627
735439
691685
695912
743762
670058
722552
667116
699270
707118
724585
764036
710589
688513
674812
740143
665128
679420
779521
754945
711908
705782
762071
766302
698226
779571
662136
621220
697045
690869
685274
622093
704306
692353
679552
671606
701600
702242
700714
677058
674427
663321
694373
638490
673556
698554
761375
608560
687222
686767
703185
685837
130512
773965
709206
730769
718616
601498
764419
713683
684593
738519
615162
703891
675446
697754
686361
714743
582106
655200
717033
636860
670784
724925
186267
640584
712653
678706
611926
665979
626837
661122
680505
755633
666287
662331
733199
622223
740255
646008
774889
708208
265910
656230
723788
761697
664627
648255
204037
633683
635598
609229
632304
634596
615658
686643
641166
620554
605658
650003
648265
643078
717483
673717
670685
882538
691987
703601
679785
622948
631809
732267
629942
672105
685109
718986
686297
717209
617018
643516
703137
696674
611144
682839
759419
593738
686235
699447
662071
630666
639738
694571
672203
679938
712623
577048
699667
693177
608553
613688
646220
546536
686879
711360
674198
664439
683085
718474
662150
674885
630276
648936
614156
664904
689103
693282
632188
707981
625056
683761
637144
708013
678335
669761
641804
602753
672997
699781
611670
649078
625791
671629
654399
656268
715187
570134
163198
605482
672187
717844
673143
625699
680126
700123
693478
625602
673034
644587
717281
685115
625655
494550
717555
717531
652572
705951
718346
677591
565826
694941
669469
626642
603280
630877
668231
625881
660755
636584
628308
632860
621787
675151
563234
698183
655375
714965
618666
713267
713247
650973
671131
601743
603746
606658
651577
664393
547186
622332
600806
703365
618866
620617
635769
685211
579514
695581
644008
624211
582216
677297
704187
609091
709854
602542
604180
683607
612910
632898
698349
704233
638646
695316
700523
603946
639558
609109
565490
670639
700573
633563
596060
619484
577603
325111
700429
623014
640912
660749
606993
619546
543686
646474
315767
544336
596970
586238
628254
621867
574572
605111
660896
633793
692341
633900
637019
550310
794369
630505
674285
656075
784509
601008
572832
838135
625831
633117
644983
603857
563174
566264
560276
573846
658956
653831
614469
554036
639667
636659
691064
586561
629467
554762
563375
577427
552460
626465
643565
583732
584751
600991
493008
629339
588286
640529
540194
604409
568109
568573
605091
555274
713641
568034
548539
571786
383140
565760
590282
586761
631543
512182
594048
600851
574361
649700
839677
611644
612179
617281
564120
553480
566015
586795
642587
545822
569690
584528
507437
495622
545478
546519
598555
563150
545636
544593
721861
617235
572366
598947
565093
564506
633329
541757
563135
507267
629113
594042
567902
524352
579990
635152
559521
648606
449326
581528
585632
592522
552646
588235
648084
601147
596676
575084
502071
651271
484796
641895
558504
543625
639763
638375
588195
563121
422360
573711
641239
571866
804971
573803
611165
613817
501644
596341
585234
542181
591590
653181
584124
540384
619121
629761
545490
558767
614479
643421
532348
572997
542069
604195
643355
659532
595136
659080
590704
647927
601005
611629
652158
551670
639795
561886
655187
578922
566111
628669
617283
612997
619107
615617
622403
590203
603037
588669
611641
590450
590183
584523
600541
619123
619831
596758
567016
602407
615741
633301
610571
560972
570815
569606
588429
635316
641855
564527
546577
559537
556727
659969
562590
579720
560617
526802
615151
570808
587336
553920
577108
569495
617297
620943
586234
631517
544180
603121
629722
597008
656496
566763
657623
644129
654955
555666
549091
582750
540362
612935
654965
620341
602453
742200
531182
565555
579558
578674
629885
617211
576402
536550
595573
507612
587691
515524
641405
649547
493032
562438
613359
631257
624243
607213
490588
575789
645492
559359
593729
588148
487538
502110
543020
658282
567771
583596
546241
644111
530408
560505
563989
570804
594504
556477
599025
550784
595945
506837
620255
542331
150617
600617
620729
85769
605059
179998
645040
613199
120735
620335
179320
643427
606893
622539
601082
491926
638575
561501
177089
651289
568113
498561
507783
576201
213055
507325
645592
505350
588298
604116
642202
149981
605555
512100
568073
563275
558191
562140
642163
594522
108338
605579
631299
603505
647185
596238
614455
647067
509492
554407
541072
547306
567144
138821
572873
652997
564207
424730
526374
624599
569475
572945
125071
565021
584512
594734
579113
494057
557897
137623
561095
566141
498233
615909
606140
84179
81929
595119
549356
568012
577818
68683
161201
485892
532346
494207
511460
95910
595425
538918
551686
60299
513948
86977
590923
573307
602576
576643
89295
525159
559433
33434
111089
108283
576136
542271
516171
112859
598528
551220
569184
586264
537380
541983
527261
80383
595553
65364
50666
744897
196698
530124
431300
502336
98861
531465
601047
483620
80647
496602
536543
143125
552576
544530
629920
193796
196380
666099
65374
115362
17998
667953
101666
102948
698637
531704
95200
22665
17426
186434
467086
189531
680671
212996
490494
529740
707231
443838
57198
464780
47454
458284
71173
935158
661097
950089
23900
24554
950059
205935
38576
937621
516307
516139
437736
87992
175734
439936
684215
37350
716631
669509
656569
739129
424226
939356
742701
710722
633591
669317
668024
690349
625632
228723
122111
128843
695092
469144
662641
664599
63972
156690
626779
168269
673039
689267
606628
714325
175076
199354
635250
660381
665715
719807
683961
632292
665449
629674
719788
704591
619815
195024
504654
153324
719218
186943
705568
709409
719231
604843
606012
604915
662585
613086
660308
120757
719819
666547
660213
649340
636624
642754
159625
642443
673761
657790
622132
142729
654511
628998
665227
621959
604269
90951
620440
136646
679191
690075
665289
139398
694833
677945
602085
611203
386546
551084
625492
540862
630931
654110
655300
701955
629496
659684
717273
654315
596493
610574
701256
78714
625519
672784
120512
595070
100892
602783
459534
620542
426866
166489
646833
605135
620721
715997
560874
700936
639170
680981
606899
861452
603741
46776
617374
610464
141989
364226
656009
621793
558164
625974
562397
643635
657999
611013
642278
113578
634831
541800
554702
617973
649189
605900
571354
646343
607041
638825
606627
635071
496952
648624
573727
69228
634851
616857
584092
87076
5260
600457
591567
651357
513120
589857
558763
550300
576961
553310
105101
553406
590474
547523
593628
548904
562341
600555
646694
590011
573785
635489
583632
564582
621633
612461
550368
590812
619475
415282
582754
594796
642683
503162
97105
641179
573334
562132
584374
609383
600339
556166
571134
565381
653689
635653
609841
547326
600325
593650
597992
651151
568091
635035
73284
588008
547939
596394
570634
579790
531976
659897
604157
581182
653669
591608
572928
601096
622356
535070
550072
560442
569496
116976
540220
575885
620981
439362
610403
604071
565551
517515
552822
112287
584828
499750
595157
620581
543357
599186
543329
553535
578216
597815
560375
550959
562930
580053
589090
527270
612859
658563
578307
549333
569449
801452
562726
560395
593773
344746
99539
566075
587378
521702
76063
599222
575489
596361
555083
599896
580847
577925
559321
574250
599094
585889
503371
533391
572418
592829
929216
569726
493522
590096
569784
304410
563025
544051
497266
590953
593637
534924
910244
537592
588443
511388
595985
527706
585799
17420
506011
591961
500526
487792
70227
540317
485722
508370
525287
510634
545909
519691
484819
491163
43623
490300
475033
575947
538831
941160
463376
525818
486628
514441
525367
519772
518010
558995
12714
542565
425758
9147
607695
46540
505991
913988
518319
532410
48502
524978
534454
108494
484208
491812
531208
513449
451665
508404
950546
16701
922163
50692
37468
913626
913198
25138
111943
32226
45134
36944
74808
12858
481384
84297
422158
500382
25213
84241
114226
490205
470546
916724
40697
926706
73979
38435
28579
4176
879858
39167
95521
53099
72054
846582
95541
917084
89753
935974
26543
17338
33771
15782
109637
67645
51513
42470
51907
924768
914085
29501
56710
56299
56282
927386
941180
43182
958880
49496
50077
53681
65116
5670
37600
23817
2117
6774
931310
8501
951976
912444
102271
906470
56889
52746
46969
31119
18614
904052
91959
3029
47896
55973
29090
4537
52469
23232
73301
53998
8132
56894
23769
45202
85117
33636
357184
4324
35242
43674
54884
55989
65215
938934
119627
54296
501098
72557
931779
65699
98566
54336
31236
926022
938324
19470
117513
25674
84344
119648
44604
36978
50651
2243
27381
142507
10054
561164
72085
11950
28987
69345
102575
115623
96541
114741
32452
119685
89494
12482
66369
895754
69521
160549
160467
953046
106860
68782
98863
160553
102615
96677
102679
100083
86145
111411
57826
115405
460466
60946
114787
111467
108223
101154
15236
99071
109279
93179
66223
163059
66760
111501
67960
75640
109704
60539
110532
71070
78775
25149
63415
110268
572317
61388
82241
94209
95038
19204
99530
89070
107151
98945
49414
82324
142853
115132
34469
85143
86948
156473
75219
111184
62097
115170
229111
179018
22141
96054
63482
28389
103674
71306
64518
103690
143263
101057
112782
67928
87935
13016
62265
84722
76725
99256
115973
64621
115989
66041
115781
142421
87524
118445
73038
92717
100893
155339
67617
102540
82810
141135
156635
175519
81494
125633
146496
118199
172830
156727
65348
107462
78763
162679
106258
137668
84982
164061
125783
110597
144309
120925
135129
88987
65474
95526
114534
83602
175020
133849
159219
163447
202499
148851
134873
120615
107295
159547
66030
14068
76042
133489
62243
91758
153979
176391
92480
138798
175061
121247
160472
88389
178296
130575
176682
175766
159011
151039
145149
189396
576802
192699
563202
611978
65800
622517
558675
421652
715743
651795
658503
634995
606299
585789
652375
592432
607136
653079
683629
861126
136820
621815
618687
625096
625536
581994
620213
577786
572691
604233
602408
638797
615101
631989
626744
574642
564028
622578
611053
600433
652385
658513
605491
606561
625033
604101
585327
604199
672995
656657
620805
636575
540012
93526
548941
606939
630907
602463
582056
553110
494823
605987
639189
613567
621853
586228
625685
434635
596875
564204
633223
598946
613445
549636
600025
549319
639907
608505
543609
602611
437756
494087
583204
562946
855404
546440
621055
546912
719934
598089
529312
561622
555336
594020
505091
503672
558895
525734
567861
506306
536624
525508
599473
499921
484491
541809
545458
538001
517848
499675
524477
551788
599137
594073
585995
530693
597131
563046
536434
564307
516154
485092
538219
520462
567835
487982
564989
491520
546559
488941
525327
588995
513080
510193
573223
588557
509266
498765
489418
599081
599480
555764
501570
515703
496529
549797
493228
549412
484238
607745
483683
525365
557967
518580
549915
569969
520588
491341
529748
498549
490278
452588
489511
501974
518755
505820
546415
529122
549977
500615
552451
565641
532565
513240
498274
484968
517368
524716
597103
538252
531085
526681
516946
503897
15270
538113
487626
445091
517209
501812
495053
476817
436111
501622
514736
450423
505896
451065
490141
487396
22341
538149
257098
434030
482816
504132
518239
527123
539038
428716
584397
573029
505245
796796
522043
496239
485337
562415
545547
527411
518109
496344
454219
497175
490872
468849
501187
577443
498735
455986
428360
519181
472818
497255
386013
950290
468683
423258
435335
450229
536029
427600
568709
903390
495764
456154
473716
455066
489916
398090
533382
522509
420875
475432
507366
506943
530895
440091
530944
532913
459412
483013
488520
518848
503384
478856
319702
525684
467655
478915
537651
513546
1753
469276
79373
441250
509913
500426
474648
501582
422751
50105
457649
506929
908522
440003
433258
506154
487263
463448
494512
522652
594983
500906
495281
509393
513194
366182
534920
529751
543941
454452
456872
482744
503779
451868
448858
519764
485238
954596
515747
514128
427762
443482
36696
510040
43360
501726
8340
507960
505250
465948
496490
568663
532398
380220
487640
546772
561252
501188
580761
18891
518844
481943
544424
436724
451694
553899
529453
506552
405056
501282
546346
595099
577817
518266
551265
16683
570676
483170
531899
489236
249880
574473
547321
549554
809218
536790
543219
595225
551785
552016
515602
542049
560601
596786
560799
37962
620853
532857
557387
552083
576493
569933
549160
589428
461522
540463
495115
596033
431282
551983
76456
576381
562541
450822
449644
517820
475184
482330
564671
535820
491870
580659
472542
523048
527204
503455
17111
579027
54090
95453
525091
426486
448259
46239
483685
508949
498696
541313
533754
552684
526787
569359
50814
525667
509880
467376
518254
491659
495661
44929
929006
474862
436737
444374
45867
444149
423170
958000
482651
441244
447557
484987
453858
434028
456756
811988
491599
884072
474289
456015
461674
389830
476269
532353
466968
516495
476433
528400
449384
446452
61549
495085
537269
897270
364031
447674
490051
482515
514391
483219
500769
483271
480047
351518
447727
519671
379684
3161
535233
500693
5815
486529
919802
427884
2513
867610
324656
531821
518217
486749
446252
415902
492016
485839
475820
539945
515797
484327
953878
539091
488119
440286
500815
725320
537132
908470
905528
483025
377416
395140
389644
446112
387767
381368
773550
494150
396372
393730
393794
378576
750704
867158
309576
528939
784964
400332
417138
415660
423136
484711
837450
430557
852524
395918
867918
497583
511211
792018
538005
728872
530142
454539
783202
432810
387502
463914
432114
475520
428974
463320
851204
867984
898437
457421
472806
470093
476342
433511
480335
432450
41429
871274
394836
420129
438330
420274
559301
928688
464754
368328
803474
389028
485617
370786
363736
887806
502779
836018
900586
874690
942790
461547
852296
428822
742480
914288
845568
438303
360032
391231
459292
573365
841281
300534
943496
430037
390911
931748
325834
932266
418911
411920
457451
383356
894096
851372
406420
829909
898589
918006
952825
28234
414717
391193
588971
868473
943890
434583
356862
832714
860370
784276
369206
799914
327491
438238
899083
876863
895094
436889
468999
844358
389439
866026
917113
872294
869964
790306
914386
845448
502559
452455
935573
789713
903167
891675
892588
844503
864544
920452
911703
794201
462745
