462745
467847
856972
861000
372851
935633
854448
842766
399098
396070
472215
957958
798756
897196
405510
892034
403646
433661
444837
896458
929951
943325
879314
898167
945431
935693
876758
438267
956041
463305
911175
431635
472297
959287
435025
587077
850374
950708
891140
909990
869318
959948
431691
431959
834312
867876
924415
863152
887594
823146
448805
453927
456390
393030
935623
890874
437168
462667
465986
881684
865982
443735
444871
427503
860740
458681
933164
959977
555284
866795
430335
886498
435287
448704
847403
465127
439105
368820
850640
844720
373170
849115
950403
870245
904024
937317
842216
463281
930487
850929
913405
836550
940451
797848
877283
890030
927039
959238
811893
914915
806282
815763
386107
900305
901499
933098
919085
865969
802262
868604
934825
844180
912993
908887
933215
944301
789513
872374
784244
914895
479324
461477
901525
122548
861997
920341
865667
953129
873872
865083
793052
898637
912579
887719
872608
908167
861091
944875
784811
798496
878917
822345
881162
861748
864211
933431
875002
864454
876062
827058
953217
941923
783978
847310
905954
897637
835364
861374
811883
866137
847502
864033
847975
869406
864643
846969
848601
876634
850252
878727
780340
893052
815725
859785
846995
841751
823078
824711
842686
782338
847468
896417
787100
840687
873757
855035
885578
897337
814000
867007
902367
895369
787538
944067
805612
838840
890927
940465
943401
859256
922563
818622
805396
820672
820885
884687
798602
824791
895333
860571
867292
812771
959657
881875
898562
805385
850504
791212
824284
890967
856261
792948
848547
892985
801718
855657
866855
885525
928843
898796
800964
866309
846263
796912
821128
898274
898699
837224
909867
841355
895921
805933
899194
836280
844774
897309
898059
846787
853797
881691
881772
830821
879199
829730
832510
880444
871261
803374
888919
869584
805656
814195
801108
843182
850147
841765
935617
872429
861603
827826
794442
893806
790744
814354
867440
883005
793178
806458
862399
813360
851139
786382
796312
855037
859252
877025
849029
878349
861657
885487
826589
846715
876007
796290
875255
881827
851148
360024
851126
861344
881787
851925
892304
871336
882718
879834
785324
841284
734815
869865
892843
860235
789030
17188
116591
830841
811142
883057
894207
800054
824854
794440
847365
199538
826240
722250
869669
858568
857351
849043
805308
806647
844029
878311
861019
882039
794560
805485
790926
784638
731160
874679
834611
868831
891187
816297
882581
845749
868355
791412
830139
875507
875168
851765
806925
802794
855293
820140
786647
879849
834631
783546
854463
850915
805227
839586
798704
847057
780838
877463
862427
825277
898335
874033
831784
805268
833896
814215
873385
838886
800094
810567
772780
805531
816380
789240
770608
811377
810848
737090
828663
755360
805087
880735
884031
814826
833180
761812
829840
740898
890338
777190
772906
836902
807871
761031
831005
784657
856779
755328
752842
777552
881333
834103
829359
742892
870145
762184
860951
763664
804487
790659
724012
804102
822288
267501
870179
795095
853283
899984
739150
783755
832850
827229
758528
830979
833587
857605
791855
800465
804483
812887
775031
758558
762332
740131
794995
881419
816943
843545
789312
743477
795099
773468
767751
772758
790823
878707
859058
770667
840491
782177
816433
797101
806514
834775
729697
843019
791405
751887
797473
803921
807662
830550
736722
746867
839820
786499
819977
833383
759152
760310
743954
766158
828720
760438
787007
751762
753936
774786
742168
803245
745842
787732
721700
800143
823109
721238
748513
831847
725128
741391
835271
783955
724903
773326
761971
740178
789331
884109
822731
788095
768831
754412
771190
773194
757650
740070
773304
720572
816373
758828
746747
759095
812158
747028
731004
729579
793625
770842
784089
745364
750404
738647
795277
778876
837603
823300
837203
833041
766507
224324
839060
815285
839189
750337
837599
837069
723604
834005
767440
775080
825893
679917
770709
693498
837197
746388
835671
767697
735578
780397
796086
818677
818545
833103
747578
813279
780553
821139
766256
806263
817405
722448
835127
789981
808291
824207
788725
821289
813105
778377
827551
689522
814681
738115
745989
736991
797457
755831
821193
790669
764996
757354
682093
693634
764306
803775
753841
768741
802931
685704
798899
726880
775047
772872
737058
772537
824031
751862
750567
677090
756380
779028
810117
676718
780821
813343
776333
768253
782415
669599
727910
769840
772505
776902
731895
671968
756955
730085
733504
706276
733106
706520
667828
762578
738781
698558
702332
728963
678050
824317
743973
771005
817337
695328
692842
711554
706880
748167
690564
800951
739289
688724
730659
821333
767229
774094
666586
664012
737938
675182
683404
765588
796779
800263
775014
685496
741342
682512
717961
678282
774683
767041
663122
745264
670684
747657
692096
660638
679640
665058
706360
684924
718008
797627
735439
691685
695912
743762
670058
722552
667116
699270
707118
724585
764036
710589
688513
674812
740143
665128
679420
779521
754945
711908
705782
762071
766302
698226
779571
662136
621220
697045
723549
614948
715846
622135
147207
220482
176537
165284
233714
172376
129842
142512
204915
183295
150978
223336
137662
227790
170661
176955
141465
193611
183963
200674
128550
165092
174393
155000
163714
181445
145981
227799
206514
227384
190399
233761
206959
142798
137984
220373
141716
213800
158516
174373
191362
122594
221103
176689
172278
172562
138282
227041
139090
212887
139830
200465
134998
205112
223705
172758
177322
259091
182889
237339
233361
234094
222837
187973
239488
219957
209679
166880
134853
152842
151771
129563
150940
296278
280509
202462
220004
230397
130556
202343
159018
186609
274705
193510
157499
235963
234123
132412
238944
193610
213861
279905
149514
204135
284339
294897
232849
228871
238935
175574
159362
279797
142179
254595
191901
255933
176772
211179
230864
145704
215749
141476
186998
278709
219232
243411
165438
281249
158340
180208
229284
206009
299902
216536
204288
212353
222026
210869
186880
207068
196325
232078
242604
209480
193956
222462
181174
277155
198235
235787
267693
268831
251765
258953
274166
255293
298276
183478
279849
245168
249973
253825
241051
262475
216297
184470
240573
257135
195786
228027
219057
170678
209288
250741
219288
269909
237960
134615
205549
234816
186488
289145
198389
200810
269901
240691
291250
283411
253697
254899
297599
266887
188156
191982
213769
188166
189884
283332
265235
299114
225768
203214
194098
236831
189264
253974
211966
212660
292811
247435
217200
246229
279912
213868
245713
294825
295449
189653
198870
297317
274467
201928
184944
222401
260281
227502
199094
288517
207262
181394
293823
223480
231563
251352
196458
239387
286213
223714
279977
275595
293599
249404
225579
212530
215000
203954
227721
221914
267821
184294
247188
267879
225092
218522
211174
244585
222460
293787
215386
228860
224864
220438
230561
204376
263762
255903
205981
221454
255231
243963
222176
317209
290682
265764
189902
283879
145724
197782
256455
221824
285029
232278
194224
287041
213654
199090
226254
244657
216992
230362
263176
297339
332449
237436
338707
237322
359984
289437
216094
244487
334091
316779
242889
276921
225572
227751
281103
230667
235031
298689
226006
204800
191248
228664
246380
276558
213586
294544
280142
208624
266303
231140
197816
269440
211141
274518
289069
269733
275790
197707
206276
349487
258473
279261
264669
232166
283039
278244
300497
262239
731803
279069
261679
227878
278899
210888
153784
264653
258809
189247
161792
275593
204018
230079
730813
136470
278191
258487
773009
188914
253123
188758
199478
730793
47603
240195
723207
399429
182254
185338
292701
244559
134827
706521
731673
815537
231346
234275
757392
245057
282311
228381
261175
264797
728697
727503
256049
758181
260477
735957
202518
686723
180750
753751
277203
262667
723325
299198
802953
223080
292528
753513
724155
748727
175516
292321
181982
226146
195302
905155
706755
268417
770941
276465
395405
775770
766390
846255
235476
740291
205649
223374
695714
203445
870447
714537
214265
725576
245089
730289
241332
705609
752003
685489
748817
945602
743186
162884
766189
750820
739384
785553
205303
197994
292925
730792
146416
291935
222728
725951
257420
744441
181401
767112
775057
217402
160528
775797
300483
280783
764503
739881
257659
742360
266041
284643
797004
749389
768673
771995
353033
142127
737014
193136
724770
756601
738593
705635
732201
331327
225337
233544
771220
772957
767738
835515
224044
181568
328869
131626
270713
778251
212882
208132
94252
775307
227926
191970
257571
236930
353977
728497
401429
317373
793035
292595
253461
286179
259295
265239
279227
205501
181932
246061
250529
217748
195112
273408
448958
242321
189176
291716
236564
211841
210542
345457
243528
212442
305283
328921
682806
194239
287604
191068
312956
815377
755825
837419
220772
185350
196360
267015
790991
315709
343277
312429
173120
383114
356157
248645
180110
190262
345787
297546
247890
343143
460637
334689
357621
782487
284946
210419
297406
295802
776940
825713
319625
334981
315589
456335
433491
266575
291088
271009
265224
356111
300505
793261
816665
263420
205493
84485
339949
384469
286889
798957
206416
827112
292427
831311
835057
313479
790671
357866
837490
805077
810744
783841
351935
807769
791530
186156
784631
323767
343337
341941
342105
839125
319473
797273
350999
349736
819045
780367
183904
816561
317537
336799
824571
286473
233192
359703
254037
350365
331533
282557
813314
307889
294766
877071
816285
348616
445105
336808
839448
304211
435773
311548
346618
391064
780299
363951
808027
786517
28587
200692
337369
301871
839531
329709
331383
273336
275843
835307
257682
37750
294584
809527
325229
875627
408080
260546
306403
360123
365253
293020
391589
364034
325121
361513
893929
425293
358671
820105
267004
440239
404139
324891
417083
834503
407185
265432
306259
893007
271364
397131
412964
354667
875497
360091
388911
345086
324507
313482
374972
343738
897587
241820
245350
289696
360703
368361
346137
364528
368729
326199
332186
368267
383551
355569
323217
414887
260031
340372
379625
893993
403143
301399
344946
360223
419019
45175
393311
301925
294944
417479
308244
403478
318666
404129
405787
396719
322722
383609
313646
365741
200830
330877
404075
403405
404860
401302
360755
357950
369447
365851
394123
411827
329808
417567
333679
390783
320496
356122
394797
417545
338456
354138
377437
378558
318571
321835
371944
346194
395019
564971
392403
365869
403750
380457
328806
360772
395174
392483
373111
331416
405751
394631
492426
340460
488749
368875
357354
386997
325682
344593
330311
253008
499843
346220
396647
344831
362633
340496
374587
349994
377313
408013
407568
398619
308553
301508
332832
402793
364135
374493
356401
386465
351812
336630
419809
264230
366191
349833
269530
310704
415235
364547
341178
361221
379457
301684
318415
325931
395676
367774
465445
190291
378483
399229
585501
370899
322442
399447
417688
353300
399997
404010
374547
411095
513197
304026
389922
381167
394019
318602
301446
396793
341008
393375
381756
314928
418703
305482
368641
384817
386004
459708
401281
433949
410967
318744
376253
442501
334184
354098
369425
466982
392051
375117
370845
365212
369827
214479
366599
419858
341128
386361
384478
478366
408036
416486
460469
394544
304594
392196
453107
439113
477541
411919
388601
381047
436853
469553
373672
390922
427791
434385
323272
310094
414504
394834
370208
320075
474995
384087
399913
344224
327163
460419
394227
319992
330263
362041
397951
311820
949161
228279
304244
440971
428377
342116
454079
460857
422501
392374
388239
360004
407958
402750
355364
407355
444662
310588
394275
469547
781568
342345
355522
455635
396402
362219
452457
387710
403966
415435
447066
372294
356550
477423
415465
439085
428854
439111
398674
379515
469854
384211
393791
372910
466355
349688
437573
567033
382028
410653
303290
368622
437211
437167
340867
440925
394357
454885
365322
429949
462167
425741
411577
474965
403949
404607
456795
334424
397328
330134
307952
366577
456763
344386
389533
450065
346802
458247
379328
388254
374257
454925
354944
432571
411088
417406
439625
360038
389084
444409
454981
478346
400372
308060
449589
382722
576614
456459
410022
560257
426641
74385
431293
413397
360580
459895
380228
436801
403888
430320
474369
370912
386025
367056
410833
477469
408205
577743
389660
424671
421169
398552
411527
456993
365382
425209
451261
386822
408795
387128
40475
479761
107445
527445
142130
414962
512351
936574
412600
374974
383580
413342
420183
472241
463222
402500
429157
455893
475652
362562
474334
396420
54907
427407
449371
520667
523042
369238
532147
391170
492443
436515
436419
41149
416807
441719
404890
423867
478708
387748
906581
900039
458829
513241
424977
433000
427940
394044
474761
435165
379914
15687
468724
443327
438107
512443
928333
32431
479083
932694
498969
50159
424555
954733
41303
472653
493173
47133
431125
464489
16889
55245
924157
367438
342106
59966
49699
467556
371150
381876
513193
33135
411192
475131
35433
21445
428802
446004
471099
470967
391803
452121
435657
462099
415120
429425
472140
360460
444775
774134
471036
394000
443299
456043
453757
475004
535153
364240
496877
382948
434547
386890
390327
445532
446177
385652
426995
445019
374554
527399
479573
444454
462808
512145
450497
423773
453907
378582
472357
443151
456402
470163
454303
472481
536133
481125
514885
484399
529547
503685
160138
493359
373032
353156
515645
364244
459324
504662
377152
382197
508730
522213
394294
461162
467148
446045
480015
467355
521405
485229
450887
457480
538140
376132
434934
409898
467874
441973
426225
433646
529793
518247
367952
522624
14593
442332
516763
422490
7361
510643
455672
522773
485503
437656
423785
512429
638645
468584
523663
521302
488669
514939
468159
403358
536135
486641
428036
404646
497319
509117
466467
468389
536205
464825
367166
533649
501449
489887
537279
538363
579708
441774
518153
488587
513822
453256
498959
474962
378842
480383
538967
518372
444494
504319
498558
531281
509111
438944
461114
462812
505119
395964
438571
466644
433270
526171
591964
509692
424874
471521
36574
452316
448574
562871
490165
508745
519993
514801
468964
444736
466578
444601
521953
444246
486818
420550
537333
468690
485795
465231
512149
537483
429585
428944
485797
577871
537786
480727
539514
518562
531099
477052
454000
473456
445401
441072
520455
443431
463612
499256
440554
502959
587399
500962
584067
447234
24802
425008
131025
499477
486961
499269
486947
526153
530445
462459
429229
93135
540651
436568
537175
436342
38371
552979
438200
516863
498160
62365
545347
453544
509625
117125
535779
26301
110159
95219
430706
540599
576547
429752
84377
410896
467244
538635
95607
75687
536426
554379
532196
33689
78238
47106
956862
528622
927491
539276
483236
460510
927794
578091
488143
494898
501790
515998
42072
60794
500206
29411
42521
534396
502228
105750
65990
69813
457046
25541
528416
548205
435414
78903
94546
514298
45914
520873
524246
110415
491570
528866
491332
495818
102103
83569
89209
75527
61567
88721
71985
524500
505522
570264
482982
82291
497340
435261
47239
61202
530665
194385
486528
36176
535700
484396
72402
32833
537646
112534
86654
531068
503760
534478
490640
513356
557109
532579
52640
528759
545504
119347
560501
528259
537344
510936
79105
119877
552185
547446
108505
514528
100717
118807
592911
103225
592701
558204
496687
585192
549833
60155
100383
598524
80543
560723
70793
545291
599164
607380
506683
72005
457616
564315
535636
65913
75591
505511
484720
56385
566969
582202
553405
553123
540230
577317
504041
483162
592486
579989
495468
552403
487627
489115
546248
545269
560893
494296
420682
696614
66635
445280
540387
503507
61781
564723
75351
89588
595647
579676
589045
435456
80173
76245
69943
45609
502406
117147
562608
555635
58016
563207
564907
550377
9123
562007
566337
102370
118766
77126
638224
542098
596846
595750
119117
518812
72199
115561
524803
442480
88639
544130
535608
595699
111995
666861
567059
595535
481014
83893
119065
89389
580368
536861
489718
79881
66854
633425
115797
518690
540522
119073
588618
460066
657178
553754
531552
77014
121111
563271
533544
546550
545975
551170
489549
500562
579459
590329
541114
60221
255306
580627
532322
522016
572004
541655
111977
66313
69405
516806
564571
541983
527261
80383
595553
65364
50666
744897
196698
530124
431300
502336
98861
531465
601047
483620
80647
496602
536543
143125
552576
544530
629920
193796
196380
666099
65374
115362
17998
667953
101666
102948
698637
531704
95200
22665
17426
186434
467086
189531
680671
212996
490494
529740
707231
443838
57198
464780
47454
458284
71173
935158
661097
950089
23900
24554
950059
205935
38576
937621
516307
516139
437736
87992
175734
439936
684215
37350
716631
669509
656569
739129
424226
939356
742701
710722
633591
669317
668024
690349
625632
228723
122111
128843
695092
469144
662641
664599
63972
156690
626779
168269
673039
689267
606628
714325
175076
199354
635250
660381
665715
719807
683961
632292
665449
629674
719788
704591
619815
195024
504654
153324
719218
186943
705568
709409
719231
604843
606012
604915
662585
613086
660308
120757
719819
666547
660213
649340
636624
642754
159625
642443
673761
657790
622132
142729
654511
628998
665227
621959
604269
90951
620440
136646
679191
690075
665289
139398
694833
677945
602085
611203
386546
551084
625492
540862
630931
654110
655300
701955
629496
659684
717273
654315
596493
610574
701256
78714
625519
672784
120512
595070
100892
602783
459534
620542
426866
166489
646833
605135
620721
715997
560874
700936
639170
680981
606899
861452
603741
46776
617374
610464
141989
364226
656009
621793
558164
625974
562397
643635
657999
611013
642278
113578
634831
541800
554702
617973
649189
605900
571354
646343
607041
638825
606627
635071
496952
648624
573727
69228
634851
616857
584092
87076
5260
600457
591567
651357
513120
589857
558763
550300
576961
553310
105101
553406
590474
547523
593628
548904
562341
600555
646694
590011
573785
635489
583632
564582
621633
612461
550368
590812
619475
415282
582754
594796
642683
503162
97105
641179
573334
562132
584374
609383
600339
556166
571134
565381
653689
635653
609841
547326
600325
593650
597992
651151
568091
635035
73284
588008
547939
596394
570634
579790
531976
659897
604157
581182
653669
591608
572928
601096
622356
535070
550072
560442
569496
116976
540220
575885
620981
439362
610403
604071
565551
517515
552822
112287
584828
499750
595157
620581
543357
599186
543329
553535
578216
597815
560375
550959
562930
580053
589090
527270
612859
658563
578307
549333
569449
801452
562726
560395
593773
344746
99539
566075
587378
521702
76063
599222
575489
596361
555083
599896
580847
577925
559321
574250
599094
585889
503371
533391
572418
592829
929216
569726
493522
590096
569784
304410
563025
544051
497266
590953
593637
534924
910244
537592
588443
511388
595985
527706
585799
17420
506011
591961
500526
487792
70227
540317
485722
508370
525287
510634
545909
519691
484819
491163
43623
490300
475033
575947
538831
941160
463376
525818
486628
514441
525367
519772
518010
558995
12714
542565
425758
9147
607695
46540
505991
913988
518319
532410
48502
524978
534454
108494
484208
491812
531208
513449
451665
508404
950546
16701
922163
50692
37468
913626
913198
25138
111943
32226
45134
36944
74808
12858
481384
84297
422158
500382
25213
84241
114226
490205
470546
916724
40697
926706
73979
38435
28579
4176
879858
39167
95521
53099
72054
846582
95541
917084
89753
935974
26543
17338
33771
15782
109637
67645
51513
42470
51907
924768
914085
29501
56710
56299
56282
927386
941180
43182
958880
49496
50077
53681
65116
5670
37600
23817
2117
6774
931310
8501
951976
912444
102271
906470
56889
52746
46969
31119
18614
904052
91959
3029
47896
55973
29090
4537
52469
23232
73301
53998
8132
56894
23769
45202
85117
33636
357184
4324
35242
43674
54884
55989
65215
938934
119627
54296
501098
72557
931779
65699
98566
54336
31236
926022
938324
19470
117513
25674
84344
119648
44604
36978
50651
2243
27381
142507
10054
561164
72085
11950
28987
69345
102575
115623
96541
114741
32452
119685
89494
12482
66369
895754
69521
160549
160467
953046
106860
68782
98863
160553
102615
96677
102679
100083
86145
111411
57826
115405
460466
60946
114787
111467
108223
101154
15236
99071
109279
93179
66223
163059
66760
111501
67960
75640
109704
60539
110532
71070
78775
25149
63415
110268
572317
61388
82241
94209
95038
19204
99530
89070
107151
98945
49414
82324
142853
115132
34469
85143
86948
156473
75219
111184
62097
115170
229111
179018
22141
96054
63482
28389
103674
71306
64518
103690
143263
101057
112782
67928
87935
13016
62265
84722
76725
99256
115973
64621
115989
66041
115781
142421
87524
118445
73038
92717
100893
155339
67617
102540
82810
141135
156635
175519
81494
125633
146496
118199
172830
156727
65348
107462
78763
162679
106258
137668
84982
164061
125783
110597
144309
120925
135129
88987
65474
95526
114534
83602
175020
133849
159219
163447
202499
148851
134873
120615
107295
159547
66030
14068
76042
133489
62243
91758
153979
176391
92480
138798
175061
121247
160472
88389
178296
130575
176682
175766
159011
151039
145149
189396
576802
192699
563202
611978
65800
622517
558675
421652
715743
651795
658503
634995
606299
585789
652375
592432
607136
653079
683629
861126
136820
621815
618687
625096
625536
581994
620213
577786
572691
604233
602408
638797
615101
631989
626744
574642
564028
622578
611053
600433
652385
658513
605491
606561
625033
604101
585327
604199
672995
656657
620805
636575
540012
93526
548941
606939
630907
602463
582056
553110
494823
605987
639189
613567
621853
586228
625685
434635
596875
564204
633223
598946
613445
549636
600025
549319
639907
608505
543609
602611
437756
494087
583204
562946
855404
546440
621055
546912
719934
598089
529312
561622
555336
594020
505091
503672
558895
525734
567861
506306
536624
525508
599473
499921
484491
541809
545458
538001
517848
499675
524477
551788
599137
594073
585995
530693
597131
563046
536434
564307
516154
485092
538219
520462
567835
487982
564989
491520
546559
488941
525327
588995
513080
510193
573223
588557
509266
498765
489418
599081
599480
555764
501570
515703
496529
549797
493228
549412
484238
607745
483683
525365
557967
518580
549915
569969
520588
491341
529748
498549
490278
452588
489511
501974
518755
505820
546415
529122
549977
500615
552451
565641
532565
513240
498274
484968
517368
524716
597103
538252
531085
526681
516946
503897
15270
538113
487626
445091
517209
501812
495053
476817
436111
501622
514736
450423
505896
451065
490141
487396
22341
538149
257098
434030
482816
504132
518239
527123
539038
428716
584397
573029
505245
796796
522043
496239
485337
562415
545547
527411
518109
496344
454219
497175
490872
468849
501187
577443
498735
455986
428360
519181
472818
497255
386013
950290
468683
423258
435335
450229
536029
427600
568709
903390
495764
456154
473716
455066
489916
398090
533382
522509
420875
475432
507366
506943
530895
440091
530944
532913
459412
483013
488520
518848
503384
478856
319702
525684
467655
478915
537651
513546
1753
469276
79373
441250
509913
500426
474648
501582
422751
50105
457649
506929
908522
440003
433258
506154
487263
463448
494512
522652
594983
500906
495281
509393
513194
366182
534920
529751
543941
454452
456872
482744
503779
451868
448858
519764
485238
954596
515747
514128
427762
443482
36696
510040
43360
501726
8340
507960
505250
465948
496490
568663
532398
380220
487640
546772
561252
501188
580761
18891
518844
481943
544424
436724
451694
553899
529453
506552
405056
501282
546346
595099
577817
518266
551265
16683
570676
483170
531899
489236
249880
574473
547321
549554
809218
536790
543219
595225
551785
552016
515602
542049
560601
596786
560799
37962
620853
532857
557387
552083
576493
569933
549160
589428
461522
540463
495115
596033
431282
551983
76456
576381
562541
450822
449644
517820
475184
482330
564671
535820
491870
580659
472542
523048
527204
503455
17111
579027
54090
95453
525091
426486
448259
46239
483685
508949
498696
541313
533754
552684
526787
569359
50814
525667
509880
467376
518254
491659
495661
44929
929006
474862
436737
444374
45867
444149
423170
958000
482651
441244
447557
484987
453858
434028
456756
811988
491599
884072
474289
456015
461674
389830
476269
532353
466968
516495
476433
528400
449384
446452
61549
495085
537269
897270
364031
447674
490051
482515
514391
483219
500769
483271
480047
351518
447727
519671
379684
3161
535233
500693
5815
486529
919802
427884
2513
867610
324656
531821
518217
486749
446252
415902
492016
485839
475820
539945
515797
484327
953878
539091
488119
440286
500815
725320
537132
908470
905528
483025
377416
395140
389644
446112
387767
381368
773550
494150
396372
393730
393794
378576
750704
867158
309576
528939
784964
400332
417138
415660
423136
484711
837450
430557
852524
395918
867918
497583
511211
792018
538005
728872
530142
454539
783202
432810
387502
463914
432114
475520
428974
463320
851204
867984
898437
457421
472806
470093
476342
433511
480335
432450
41429
871274
394836
420129
438330
420274
559301
928688
464754
368328
803474
389028
485617
370786
363736
887806
502779
836018
900586
874690
942790
461547
852296
428822
742480
914288
845568
438303
360032
391231
459292
573365
841281
300534
943496
430037
390911
931748
325834
932266
418911
411920
457451
383356
894096
851372
406420
829909
898589
918006
952825
28234
414717
391193
588971
868473
943890
434583
356862
832714
860370
784276
369206
799914
327491
438238
899083
876863
895094
436889
468999
844358
389439
866026
917113
872294
869964
790306
914386
845448
502559
452455
935573
789713
903167
891675
892588
844503
864544
920452
911703
794201
462745
