441856
10791
415568
740700
480589
950439
386807
448237
763210
348141
458074
399508
910335
596370
460998
868329
948015
434784
360074
878654
13761
809600
463803
474225
478939
489959
942376
94121
526977
859948
401012
21139
26995
850295
448551
392142
65065
534369
493439
527053
849623
498959
66889
933738
449533
278321
903861
383188
369711
957791
838385
289886
413413
474801
513353
805349
799638
495119
821840
949678
23705
470985
36031
822450
469383
903985
770690
470201
884884
950737
24001
444730
486659
8733
877961
383985
364747
39593
73927
515441
458727
448575
494471
877530
143855
880992
463067
420643
795216
35570
500211
574633
50060
462069
471516
390910
695158
473414
483479
15819
405067
397404
385579
956460
902093
914064
885595
830370
468117
441445
703
478502
513905
366378
82479
476573
951798
911063
521221
438175
959441
394336
410879
402210
515103
531251
515307
452900
5216
466961
338788
927271
895912
480409
813852
943745
373752
372308
883738
562784
772094
39824
374827
840564
420715
922310
733848
17373
2441
905935
380153
873624
21027
296478
320111
927949
449076
376961
385652
921970
485211
266358
808197
485927
889984
319904
368378
532665
935351
478663
915164
569995
518221
71983
379254
844468
334491
40689
481559
509282
865784
522831
951592
689380
486755
916335
489929
923509
361303
309665
359404
425739
584419
391630
935019
270150
882851
865736
75613
913935
425562
870361
806574
55009
850966
756166
467911
434457
385171
465477
21666
883693
913557
521402
888047
242743
786804
755468
429109
570517
936691
944218
928047
9929
471160
77345
839362
506183
529793
952707
925035
332736
468707
805463
450815
420727
538987
462167
484431
515768
922753
905185
50113
396931
910702
443241
282570
44233
438252
59079
459748
27595
524103
244895
476325
496175
279522
552427
164373
426472
526191
417108
938509
902119
425626
529177
270776
258562
926621
911908
948191
85066
485653
418064
490925
916349
367856
933569
504285
21583
437258
584193
485937
780250
882447
102239
889869
523961
40717
68519
356930
903446
408302
674324
142871
506877
13153
957126
908841
458348
457
64711
921543
434754
898940
374730
428641
342693
474190
907589
515102
443578
896964
362167
385795
82519
908103
847449
927642
876698
479687
35519
534827
514903
264576
958757
475310
515687
507765
438064
932513
720990
828582
873548
884904
43379
47561
376502
936435
868217
941875
341776
848930
877211
40839
855166
924741
181448
532011
440362
759998
489537
865002
38587
900741
311256
539963
331536
425593
93987
847784
343146
566997
177559
331660
947047
514163
708277
498047
857312
450675
586941
922729
857693
732320
905827
62801
840074
536947
863420
493289
934435
894637
452075
468035
56646
926180
454989
413453
390358
431373
589177
923073
949814
937428
314671
296497
502719
911373
347430
20171
872788
49655
457536
11971
959540
523310
458743
922255
865114
11873
878022
847664
817965
916003
417450
11725
309729
534977
28578
270444
474722
351440
868259
523857
360840
904671
724769
901032
352102
755314
80179
428340
929027
287631
411471
18848
530433
470220
443675
869527
506460
902821
16175
366242
927849
923105
465568
431271
904072
796188
928241
497319
471880
815132
491725
430909
524357
874460
876791
549976
915287
10961
235575
380996
432756
883357
855947
457067
179537
320594
922947
19458
480931
955293
514627
8479
496009
884232
28751
939501
908840
452321
959880
522187
877369
957261
444079
389558
921003
9469
889898
837328
927762
879478
513051
414537
423921
20914
555765
530183
871923
959267
437793
484559
413365
487078
952050
866119
523793
51107
475353
906415
946189
494901
942075
846993
10905
954585
51183
915480
537601
523493
942889
905419
932738
20771
463786
408140
937149
498793
793742
787224
475485
424988
348319
449653
533151
526186
433393
472478
944263
945039
918794
507399
571259
323802
952957
836481
30173
457240
451930
456641
46713
894514
924948
33710
515305
905556
914973
76871
485795
51899
876262
846994
539011
484261
952985
371117
498749
493891
800344
419462
288843
939999
816203
420431
406776
532895
412994
912203
955123
441483
465067
387263
12255
905145
903075
433432
37249
897006
375945
922530
911022
44423
48651
846153
447251
508081
425121
917403
399677
927616
881
431870
370912
894363
499599
772536
584213
30060
485574
952410
48726
384077
526663
350432
939523
861929
898336
21089
860326
454978
934225
445159
755864
919269
457108
873560
104133
390339
1259
443387
451236
823126
13389
840974
368487
926160
794394
478707
814790
339438
897756
756970
776484
467365
319239
933046
863004
484332
350391
572387
435033
412577
954010
41537
935911
59163
909236
875847
471783
35147
426219
474131
913914
374201
390932
30630
455867
866331
921976
944607
860868
493327
521261
894107
421784
852964
455139
855374
514637
948132
363778
410358
531009
46281
320282
59823
932965
9640
463889
465
436783
368467
630517
726564
434341
414018
915436
587561
934257
445624
23721
918335
933476
905311
590983
771820
376513
443527
32327
593036
522032
904589
528309
920463
527825
957379
382017
933713
856920
936961
475777
388393
494198
32722
26648
496004
513254
421385
486305
300424
484377
568705
905448
85587
332588
902531
424142
433305
88491
460353
906287
37277
414503
858194
919080
420789
888244
444831
792396
526710
38557
525409
86239
531236
531763
523543
428069
923630
940541
420976
433148
440535
492465
826374
484213
387422
369167
790086
539812
880207
833170
502118
524773
947131
850652
88795
959861
946403
405742
387443
754130
47387
290636
478731
362368
914096
34602
957587
428930
55161
438527
447845
1591
842911
522873
842243
908159
539019
461561
524439
912411
510046
406907
488837
480657
864570
380868
942945
479936
436951
531649
40497
939547
377520
515209
357989
533181
861918
389622
470277
926544
410302
896854
941231
535558
37087
789709
553147
851398
848308
853562
51096
193690
660826
390476
527937
846067
514561
361824
952241
842921
415728
54907
448162
431936
395280
918630
509639
34839
397626
448605
921356
534791
563209
405859
805292
13205
33155
935827
70498
376739
436055
926154
29425
929360
623196
879280
771966
903435
368736
389956
744758
471289
100511
418905
894423
428547
919120
11025
803992
83169
757621
446231
29293
150447
936057
879122
868210
846486
369679
588009
915123
948665
415632
459605
931938
391775
914574
416816
348360
503733
466211
934174
476523
911081
947392
389369
856896
885304
849610
907539
402736
479673
408857
849620
43957
527562
68029
267199
444382
389502
942573
537403
518533
931528
469988
9989
470750
464936
905310
471963
426551
943569
889388
375668
27814
454236
445818
375206
770282
46061
534929
940524
565177
581539
54983
116802
301984
809369
886781
854566
907918
790280
526243
511366
943270
500858
900147
859387
956593
713097
442730
834136
417800
538328
26612
520501
859906
431469
114063
958759
40469
356832
448258
883876
371698
467461
762570
475535
370612
390488
918361
65085
111255
476091
492147
251442
523399
530984
554473
216428
485575
109219
548569
362285
386082
479855
475383
431355
442176
43815
462751
520685
465039
814249
311690
470741
454801
368468
902707
21471
418401
430273
92129
805521
470271
1335
419691
918985
511299
868123
359422
521617
511281
443008
470716
466794
453187
423434
955827
522293
490943
50192
900896
280917
522931
496127
848736
878426
923527
874187
792544
11915
12301
911095
32419
117271
491947
22559
519841
911245
502487
908805
493193
179340
476199
6643
461629
690638
386689
924309
34875
918933
918957
45561
461276
930317
907032
23105
926407
532997
326077
548757
457051
818286
926792
486035
930046
453911
384630
10755
802936
468930
336102
379792
393886
394460
39724
492453
539810
512523
652281
957495
20555
895801
807346
438467
232564
406553
869513
953011
425403
881934
866725
403462
896826
453579
52433
409414
509667
524265
796818
449495
148631
458734
395142
457147
937845
95369
346551
886969
502747
910919
33959
937608
364869
332228
459651
454374
539617
539323
879468
59303
504305
935082
39513
858555
475757
565484
868199
411616
865673
82945
420445
948052
430881
20311
386729
899678
860119
597319
424039
382175
928481
470833
8329
388007
517815
483668
351310
561666
474731
115673
398420
919060
822766
954594
319431
459114
467144
474659
520524
894598
955235
936232
448891
1715
426379
848468
545501
926181
534037
871324
16077
29643
954747
57469
915919
599291
910355
430516
472985
13115
459410
55471
471233
853362
370092
950277
533169
906058
535505
536195
440291
905700
794036
957288
391756
5887
406985
451429
958668
47575
73905
472559
848710
848929
289858
451334
15875
856955
923060
840729
427794
76448
6136
931334
109762
421327
510720
919635
450784
942027
397766
27727
928329
936611
115159
515571
423347
850804
301974
356078
917126
445936
894339
816960
495597
521199
785118
918611
449280
902785
415096
6077
515421
724730
909447
392208
262085
911203
504701
35617
373595
448425
917275
456881
570155
302234
504851
537659
866711
304635
421217
59847
316818
492098
472638
99963
897824
380119
463639
958832
443060
860617
464607
493299
480403
940776
942229
932242
383928
548277
277210
803712
451327
478343
444805
502915
10419
877380
529795
10645
788004
937510
15953
410131
522258
845894
888789
1423
908686
374807
578705
476863
840806
36994
381929
953513
887763
453189
405669
582329
458541
492810
47557
515017
918859
457436
377698
805472
900013
944969
877328
424700
5069
405400
940109
584670
55003
815118
523043
885202
747494
427681
907134
555295
582827
507440
396665
943646
929371
928766
109475
512351
37067
431535
636109
903057
431899
446160
478665
498347
535915
902633
455019
465878
462213
2361
795988
394860
455694
420687
946453
877699
939277
444792
939229
471097
861949
952716
390219
904341
395843
530399
742676
448358
546414
518524
485185
429500
477944
879700
458818
344646
539164
844547
809898
424627
801887
480687
448239
397357
893124
466157
506624
47497
927682
270954
33253
459147
510091
67596
449473
924731
493115
401396
426584
781534
758576
929411
878445
934701
387343
426901
43311
947412
64323
423735
4987
502503
534112
520455
811854
753320
947834
948133
381937
920833
456197
942382
801869
84632
833406
842749
869686
326768
924769
500693
455795
787915
398152
894018
398012
19085
464228
453464
472797
947909
482477
423207
539811
13319
898839
583543
382180
43277
379194
884328
89189
892876
404749
370792
902793
117293
386394
498277
954859
537253
474594
788282
498498
941023
430745
528366
490927
851670
946887
742127
533992
471758
908857
544983
388752
900837
944309
857608
906000
70107
882564
920068
915788
937391
937401
840216
925611
285404
939353
885832
512467
251652
769271
932103
451628
472241
556448
949822
444191
866244
29745
10137
360156
374170
894807
953106
518131
278630
948887
810379
101845
917
326838
904198
513253
430495
776705
909372
425869
554363
892636
504702
897574
946719
861937
876760
917578
915714
906267
939036
470146
866913
945142
38658
343502
785652
574819
5849
937042
448504
340907
753952
254801
386434
918894
558005
47707
532133
896043
394318
806737
859809
302466
957772
442483
948331
479631
524708
926107
423713
850240
516294
20949
99375
470180
375261
562941
929381
12233
948657
350269
400868
931734
40145
374407
115541
911001
38131
327972
485797
539683
446889
520491
444887
950171
464768
10432
887765
944349
500991
807826
883308
448526
451004
724954
914956
294466
908807
40527
952939
373916
468723
885553
502557
937037
904219
373780
894625
855778
857166
2635
432691
465169
14891
510551
466990
412944
517889
479892
426381
422067
851072
930312
481005
419476
469266
260081
424628
485290
15487
487759
413728
472793
447863
923185
543854
555
808007
219110
522885
955839
848148
485069
810267
432411
255822
495110
815004
475223
954362
915909
84587
460326
943527
919848
577221
94473
563021
948890
433017
933875
913440
53876
902475
467302
523311
492363
31281
462283
179674
847928
846592
455488
87742
378433
912191
939126
29829
468406
794193
483015
464615
320043
572251
947526
465757
958443
798185
474663
45409
424525
529121
952928
927017
539664
492563
867993
49625
430550
436149
955951
53251
514103
486301
496051
443899
941545
98227
923143
529928
870795
245728
859958
416933
408033
957237
449678
514863
32251
490755
421103
360810
41977
905329
855482
410755
5485
493405
198405
568661
482351
953071
483255
943525
568787
448241
868443
401136
936795
852825
844537
443358
946699
790812
957315
471159
935488
87703
24379
539647
460485
490579
476015
829544
407007
926113
944655
426315
531914
425871
398114
893827
315268
437901
488933
504539
958958
842908
413642
926046
90517
939114
512219
148635
437578
501021
27685
472280
894823
492487
40257
911223
516127
406565
900474
377178
348234
236551
943031
536033
402796
2607
439019
941895
357002
521676
12321
552077
521291
450040
330694
503923
531185
863285
376471
915621
547811
905591
418437
477988
119128
943129
761846
562895
461673
877731
28884
818472
389944
838849
888477
913389
20991
512803
337445
11777
12147
492315
422529
498439
38856
356845
470777
959877
934439
500949
894296
459770
742480
54045
7989
361393
64940
850588
439470
454174
428429
947624
492417
939415
952646
872316
919576
905607
90447
664473
856033
589591
521451
35581
577087
347588
900433
40189
799488
28967
109757
99435
449527
836531
902361
427130
430977
909935
546889
912961
444845
800446
364771
457805
519433
339046
497182
584371
11348
745410
531667
865559
867263
445347
471027
455355
852458
338650
342785
901184
362718
388145
915437
522013
844290
407295
425279
328934
953277
427207
513519
488699
361981
592149
393372
533237
460555
910224
52954
844096
443066
911936
308720
914494
306164
436752
453791
406692
43399
755836
426503
462241
878360
322769
903727
393982
402325
11803
905141
464349
952528
949011
893728
397278
312636
40495
896002
847591
845028
84391
924803
512223
772538
440494
870476
906995
327775
885225
518603
548443
58291
363821
431245
512722
946987
533227
398552
421991
385753
536135
474759
443370
875390
892434
878331
539321
884090
430733
737256
843292
862256
464804
832935
843294
292642
882697
508751
849262
95111
847778
817402
873471
53151
9811
13189
913028
50399
22210
459882
385566
926300
250632
647961
471313
480223
936803
937145
529111
613021
426273
70831
909228
397035
525447
956973
504785
768654
68033
470173
362757
472991
933893
890867
816243
480055
386814
517893
876114
305572
397796
492163
379906
914251
434618
473884
19775
335692
532739
52611
536019
739983
848712
408291
439014
270498
447752
456719
442709
134295
517317
806022
657
735274
270421
480794
957105
374792
944667
422538
902013
597311
947144
459985
815232
449439
416733
507150
9835
851170
438149
328596
503478
479305
729058
535396
943348
491863
880893
672615
439501
938911
382084
459665
486151
287146
341998
449637
470099
478446
43359
928911
854316
329166
895568
923893
54977
17869
883912
580182
942333
22907
403783
705330
942023
861038
941983
456121
920814
790996
36949
548869
431472
401436
515151
431309
369968
429754
424161
788507
24237
475590
43413
877357
957360
454376
863512
555853
409080
732630
443119
913380
820993
894409
929938
489908
316330
569145
339994
13191
421357
369569
5795
455143
906073
97785
901
955847
865880
514121
10285
731884
474060
909495
539915
393851
918883
408338
925659
465107
521541
104081
843794
945888
405628
806657
575401
465050
916741
578701
425273
921456
218496
406755
518165
461938
420421
3395
420645
940517
943831
424501
468665
587843
375280
592729
36463
32241
874305
826492
510093
928473
931710
463164
109595
317906
460900
47889
83243
11923
440389
862708
846418
949704
889893
936776
445117
911722
67845
462651
500889
50323
747125
583375
57659
404874
862459
934527
520559
786164
919712
513227
485651
517087
926286
782496
521977
906497
39299
518747
939349
468767
538802
952883
876651
470945
885717
936913
923385
461991
388497
430718
464799
459195
36099
859020
896056
503300
327026
912029
911120
2509
109487
537128
854289
951892
10553
933931
539505
865438
553971
905489
801867
401934
456655
265844
895198
937284
477360
34901
945554
589491
895234
267369
884941
905219
858390
910950
904915
796844
520645
350936
957207
463735
904147
438783
488773
65313
359362
53410
12279
887645
951355
557555
509003
841959
744074
493337
444369
513089
864005
959203
474565
421384
492481
316751
38747
466787
332442
819994
952283
4117
929525
488313
723594
933169
291820
36341
927425
416727
867525
463378
950944
33905
435063
39311
842757
942219
30135
364876
956003
491959
924147
8413
931723
811858
22895
915252
954731
117292
618405
476593
782031
492279
432710
442439
57391
915927
471050
950897
537291
905829
847991
9325
905140
896799
82777
18373
473071
770816
511337
21134
834940
793864
429879
474362
13209
374025
936833
480066
853750
43993
490277
117507
3660
856246
783870
12951
441244
534053
538615
10855
368637
96877
822684
457037
913565
508967
902538
826831
918815
22915
450130
949818
514009
941165
425897
368308
527071
517151
337647
314578
99806
842113
259947
430355
916979
580021
457530
24903
855945
109515
921563
397370
446301
704632
930931
922841
398761
472612
438397
487305
34769
52005
365385
55933
367056
477918
374608
849556
441449
417312
490855
880875
905143
878942
463346
363645
795124
48605
389886
438970
423727
887506
95591
941778
491491
533251
454268
517383
863144
458624
13795
888140
512045
534763
423225
527393
870262
923061
159836
435651
947463
429495
446031
440122
402815
333248
34981
572221
452895
850232
448434
15861
325349
547907
414406
865510
562463
890635
955089
916469
905576
839371
536185
515570
372506
446407
930762
933430
497407
928139
507909
485558
2813
101593
386919
382014
926299
565066
439427
842150
854189
52019
952905
427184
747199
448053
464305
748908
219024
497381
735822
784066
15102
950750
875968
937193
764496
875062
920399
457254
420800
925378
421282
653344
952069
832556
35305
475289
510099
485815
923890
834698
365710
378667
92251
861129
387568
904177
259983
474691
397786
897582
933097
424671
245726
568849
11703
940154
51957
954842
41887
829422
361189
765198
93057
446065
31373
16035
36481
812556
462913
33447
40855
433970
382664
920977
482247
512291
319464
425419
35393
362139
507561
23478
519257
905343
462626
527536
446260
378401
321929
496803
870949
450575
412896
474496
956885
897210
938483
392907
500169
883330
788580
858217
697599
922690
863912
944866
919515
393502
573306
821178
348430
117323
115844
443047
856745
460669
579877
128933
334599
196874
547791
520469
40597
59647
846955
475599
940092
951611
183749
954131
36437
111360
793831
385783
868182
929620
955590
361855
529767
337682
826220
528472
430965
545640
514243
447942
457187
270195
54049
910895
32129
927452
893024
826777
943778
344756
445681
97885
736602
306948
470707
785804
473245
955366
416554
927909
421482
775024
469059
580493
213426
793062
902153
34060
420013
795218
482361
885309
581579
383152
426477
906220
767662
737842
514743
581469
12098
435372
802051
485733
516473
105069
350910
926952
450673
455082
484929
427842
75765
527557
858428
861384
944936
482703
873787
522921
925077
471371
597777
50159
872841
266730
958446
933038
434120
5297
894399
594933
854106
740072
826706
115591
407637
464218
436668
859964
874377
956621
36885
799250
21025
953769
862600
929076
531193
492169
439393
859234
860638
937406
954705
11699
44445
936937
860656
507780
40785
889472
20571
444675
880788
937226
519967
855905
917317
44068
356501
463431
453255
57519
440682
402728
860280
524918
933273
386704
40579
843902
449501
457859
362828
421307
451812
480239
42827
109593
832748
817352
942061
948339
571791
480707
517111
438399
483251
429135
53113
112723
487125
510515
374517
793252
441915
912565
827712
942626
418028
831088
954930
937733
937672
500941
933309
425179
514807
831622
920233
950000
514159
529133
403974
727946
891471
389513
403052
901905
874784
376890
364400
34288
59321
904693
416446
533597
117319
463072
918728
446018
437873
863123
467138
369028
47511
904059
1091
585009
516099
438712
923437
31328
874361
488311
475123
896322
53169
493781
34753
11587
308621
883692
898933
386210
335004
800358
599899
442770
476536
568863
906720
436583
435233
398327
484000
933267
863152
24703
319638
876274
900405
5558
459491
925158
866518
884284
559539
788650
536560
515603
375984
485137
900238
1203
43310
860823
380712
892541
853802
361210
923578
49617
786582
924286
902267
822395
505827
52549
450308
443207
934450
264866
359371
909109
257849
539303
908220
430955
901323
949773
885802
826701
325076
474591
492235
911839
923320
425829
51653
490459
92387
902573
332549
927100
914313
43975
466448
466399
263900
24015
810262
468204
520579
469632
954661
927255
25198
580265
453893
868303
959996
942196
17395
850287
354520
955783
954337
428220
526281
538429
813759
528999
936597
958388
111261
420791
15203
438971
868511
903869
379331
928340
456927
213976
888803
411676
422214
869302
951097
462868
425448
912899
560933
326869
539589
317848
374111
16051
468965
527805
415084
939990
375691
145664
402774
884050
274189
434923
436133
522315
858947
49353
930724
11227
410715
480795
476485
465519
874185
943067
814491
520275
497959
487103
432939
460776
9949
869196
487909
911005
10546
44910
918363
467493
722804
381440
235616
873851
459381
97895
910341
33067
813236
469952
890879
932074
421391
868430
951878
733666
24819
546128
272587
753203
568731
487506
926532
856748
523179
511303
927891
364468
877097
521493
950430
7247
484983
398915
890025
366486
493209
867722
486571
849846
529522
568753
896718
43880
415069
524150
515579
273102
352556
420816
955859
493529
55949
944742
15687
356890
461869
454528
14754
430224
383447
465416
77619
429560
856678
916029
439619
5517
408827
523419
378133
513975
524353
477246
461855
419464
364544
349544
3141
483887
900449
454474
13517
928997
848571
452298
433037
394098
446257
77589
461311
813803
304483
485063
949469
752662
934989
851136
38229
866719
26183
513011
912005
854423
904923
914867
378225
450985
576399
460117
934697
942031
959779
934797
936279
850516
842233
230089
64301
589547
888096
79685
951701
41453
371197
412534
941953
395889
947911
335705
947487
931236
822904
382216
430496
321814
880296
957860
818270
443552
946959
363815
369519
433078
486068
931930
619527
859473
488269
913562
941576
46341
277000
534879
225330
325988
426267
731652
42921
380617
892944
35342
954653
458741
320344
524478
338500
518111
482801
788511
485459
585492
21990
858401
514117
399626
905739
926370
672726
629339
959222
866682
365534
951267
918782
943346
284352
493871
478945
470801
372032
422578
56013
431435
928308
18275
529671
364825
537465
491331
389389
532331
70811
36403
29663
46393
343492
379881
454905
936816
375412
468075
495085
471295
916301
47827
41676
114887
926797
941202
454123
539823
458115
807666
378964
595019
393785
827454
429580
920813
429839
11351
534989
433422
99873
395773
20379
642259
33159
422545
425817
948773
490533
945623
493971
345168
361400
928490
499458
959493
97066
834419
385256
846440
869944
535462
14901
953131
414409
454805
82527
73147
927557
410177
3261
58330
431811
504727
437722
386711
459126
941941
876377
514983
479081
910075
933572
420749
936771
254207
589683
497483
15537
925031
385190
470093
509899
863027
463753
366999
444843
904302
59216
523020
490361
866082
38608
339200
439142
377693
854407
52347
395701
520545
840840
452391
845374
507680
11162
385438
933911
728200
476171
871464
914666
877472
373402
539005
363614
942667
392270
502559
931490
955221
291314
387991
407659
459766
402629
902295
908940
387228
436736
464263
921843
418869
951297
4332
468110
92173
400588
492301
334378
934831
697974
958039
4194
905403
346777
22781
325489
933934
904374
67929
518767
947136
59345
3083
527853
520785
832522
466475
2651
920857
409402
395796
222890
879995
421978
404044
441176
933899
471980
820876
826866
403096
56992
877517
273952
914816
922655
443547
524377
3115
474217
354588
560331
502808
490487
900715
425489
1529
937111
495193
316132
911963
917744
830432
524181
531827
929637
7125
437502
72156
438305
500330
543668
882195
310930
293550
512311
34495
440984
948075
514473
213630
32177
45976
83209
397167
854143
585393
425896
939329
894843
404486
480509
538277
496277
553913
936768
942577
510135
866505
497111
369723
4431
391010
901917
76875
948841
443890
842265
330648
460043
57096
948493
244730
518608
48855
486015
475158
848637
869090
290719
724737
939985
275450
425141
628917
491881
490037
12237
852709
101539
35571
368659
784885
901985
904501
100493
406616
346695
544399
347712
390277
293738
954283
440689
13327
850319
936561
932089
105841
534029
338158
383467
430776
846030
937815
519837
952983
482367
425629
5229
461953
911697
427172
384862
871270
31303
447513
908375
33129
402603
495263
461459
903968
834422
421136
203881
817577
890845
781424
931203
564587
33439
512051
336732
473035
862919
270298
476238
520493
928421
32381
856804
884874
502895
442662
729634
466887
16474
553347
908829
436335
480973
911921
950841
35537
485391
296825
559001
945878
933907
837548
904127
864264
59136
592169
326863
420395
901343
541005
937300
878858
824428
397013
360374
442869
887719
478759
393915
355098
501683
408325
518571
509971
948423
472883
496273
945837
388912
353543
383319
479996
889818
466020
519289
524159
879227
728326
839404
864017
953215
46016
888311
763152
458351
460070
512149
916095
849704
948047
952311
447065
413554
520253
475744
429447
455783
548948
38695
346541
402762
349289
908684
509663
45459
400789
519199
781772
502309
492427
578759
321995
426634
927710
677728
391665
896733
334200
863458
481503
525399
855280
911801
497590
879058
473561
886076
471220
895160
20330
330205
507851
52133
815729
809724
365952
900155
361966
56135
832923
14336
331774
457462
949520
410250
910835
903807
800996
38639
800640
461161
480615
911189
438325
514753
361684
526596
442260
890488
804252
922493
476315
276235
910963
927251
888157
892938
30091
416886
397314
376336
459521
518825
451961
438131
459999
726047
790262
597013
259530
63025
919501
731388
9807
934823
88701
844384
431887
533900
1589
49735
800665
488603
911813
548435
874318
555745
932321
262743
934859
953025
470183
469030
37015
868431
109213
916465
860138
831938
449281
468036
534965
464963
828457
36202
866128
491383
492307
723730
746833
852912
390363
826731
483495
422137
503183
939410
481011
890594
933242
451352
932895
503705
946197
387493
434204
470724
899100
570099
34071
523361
910982
395264
930483
535760
453715
786710
493127
919395
941346
942064
462382
917975
810666
881720
876834
475387
408552
884790
922339
938541
68045
552098
20889
393052
734105
526713
864354
957217
386996
833336
402056
907681
472468
950163
479803
477411
573153
941855
861440
460722
900377
877934
919886
49577
317678
908697
521127
406018
412194
861858
66150
362242
421914
870395
877632
817702
15897
425405
407346
937620
420278
18348
527829
95287
391760
909978
922024
24673
479791
504909
860744
462196
897635
466987
437744
877691
877538
905975
946143
903084
438932
859807
862012
483960
384003
893325
451260
553941
25271
362933
861981
552279
304827
376896
915676
484275
430398
439873
336502
431712
575121
797654
434305
878772
488167
886018
948788
932684
693426
414820
101949
33303
75462
439712
249090
475219
381807
913929
517069
56725
888314
493349
491773
440708
368022
445576
421913
871903
949439
932813
953459
2504
394476
956724
958138
469013
384499
47980
945053
921485
485059
457474
24849
613069
37143
523478
15467
865528
208500
856513
396201
953561
887018
54989
41257
490489
518587
379958
397144
796010
477150
446702
514975
28054
888552
493049
892448
767755
439120
884498
867536
574661
470439
959346
850608
309631
365490
716348
890010
838001
917871
430435
475077
461239
15855
325086
467987
301849
888137
925236
904700
882144
854598
958939
454609
455410
683871
866356
847024
553927
514719
523193
834906
866816
937397
459137
851219
256766
510063
959583
749472
906687
23557
516031
437338
829904
942944
651221
53969
436611
372270
900749
518205
11293
949423
9997
12433
710304
433929
419197
846191
810279
906322
59173
436003
375905
534701
843126
575519
11397
509095
362093
23787
871767
446123
44200
907130
258688
949244
491599
537523
415569
934190
398878
497437
948862
11599
366155
386735
372934
440841
589705
911536
859599
54955
926708
54929
895088
314791
882140
488221
954819
446305
447971
537575
870006
448490
55351
902163
432975
386673
857886
918092
808446
2513
638645
49175
531720
455097
345794
528089
832094
466883
259913
384145
2479
504743
425434
905889
514155
941348
23956
909139
68649
519593
500555
392316
15585
468887
500210
894262
782640
372422
503861
946294
327694
946020
866841
343304
460541
7827
41521
516419
387249
453757
70035
889344
803452
955561
411334
922469
452851
437273
801428
2387
363294
267319
886134
38183
492925
846019
953281
932200
475446
18699
386169
378406
910879
918082
807230
866735
440630
473513
486220
805654
509025
834298
367956
20873
936975
903839
428899
276508
508995
957955
43559
413770
415234
393448
47562
453557
825646
429978
410633
337124
459141
883729
904278
869281
446180
786182
39951
9967
878799
514785
20247
322051
572271
415633
520233
315124
473153
514872
367114
387469
842056
900777
422793
794239
733744
347798
902266
328990
926112
476299
335274
920389
455674
474799
855986
398439
463421
894700
494288
523055
876201
472937
405595
936485
76532
840991
956051
92461
440249
517034
35679
898004
484304
917668
510798
941111
440567
874954
442289
919403
807959
51261
552701
901227
929533
6555
516385
871809
952797
93197
304907
538255
371334
529219
369551
42903
707687
13971
814567
327230
870760
465410
938279
40461
443967
939840
942283
537031
919315
842416
58663
931770
924349
399475
400296
594987
491789
18749
39005
577216
537377
476564
903277
535161
505066
475351
455129
918898
36473
425921
952478
445205
433063
406523
857052
440387
923724
468639
463138
956745
455807
813859
871976
486527
532953
452674
473754
379364
133291
268416
18945
470013
878910
884888
882762
880927
576381
513129
813500
527321
947746
904251
905457
879206
114923
914933
413124
431530
57487
471486
908420
529221
954172
934312
15797
454741
917636
906503
182765
874281
892222
426963
573071
526393
789380
840126
479790
317158
170990
952571
432719
808230
101335
958007
906515
863217
882387
793824
786028
934123
926345
451983
48812
390284
943995
49743
242763
728580
954704
59109
527274
893029
426577
854720
798812
49133
579873
449104
692016
468329
51805
921145
480213
946759
28179
922291
51715
22647
523505
244737
809424
956904
391472
902913
832682
422293
794713
498809
920447
395156
877127
432171
538358
889414
11691
905005
933085
949095
871376
21198
861999
527127
485953
900652
589515
537498
409000
908500
481889
429427
405922
492571
381332
406721
859792
510009
387110
316360
651263
538128
100581
849167
539746
496157
452517
867292
396026
433409
452137
530113
959656
375639
322034
473043
862664
448308
92509
892742
457868
920495
386216
922791
532158
951783
760006
823922
395881
523385
486077
605313
863384
869124
647927
895826
540813
759844
444009
36361
477624
885265
951980
846286
839413
463451
467877
959709
514089
55702
945000
339150
57423
461778
889404
420449
430449
442739
940159
943158
430462
527489
487811
405886
354383
853578
896044
873544
34121
519307
492511
937757
884408
873859
109107
769772
470817
506940
859766
394400
800129
830668
426916
40829
369244
957626
863832
908642
851934
8361
569217
17407
446181
794847
481373
871753
955459
870883
364720
458032
905727
951115
860599
529175
496627
845370
480753
796900
494808
792596
459549
843172
53900
289740
681776
472035
900800
460590
874194
513553
507839
4042
15415
573131
514689
47528
499379
460111
554337
354652
917297
402480
908118
377037
521297
521597
576577
1503
33975
468787
539135
307562
99779
537331
857952
5913
424369
32911
942249
484315
904776
858264
340772
366993
841251
521427
452928
916034
229163
520558
421957
436017
431801
379994
589475
22719
927000
386826
906905
507203
597323
487667
928625
24539
465023
522285
448954
946329
56214
943437
919148
799962
864161
39499
384607
873836
486389
471244
521537
900894
268501
905990
57506
41429
913461
474284
490709
867784
58302
902046
468869
914441
2459
943431
886621
438851
43457
470632
402489
824635
806165
385904
518705
546193
493827
73995
527529
430463
519129
894572
891552
468687
503787
228216
518117
535443
463995
854610
794761
262514
36487
897404
844400
943413
747622
397086
436034
419381
23109
736818
890595
902885
934978
958195
41515
514969
949030
397376
379694
444071
933093
619443
633306
497481
333960
321228
848260
443561
860548
477870
466346
54873
958974
267566
495643
421146
425727
244741
896963
498348
782808
455323
404941
886704
394598
426587
525473
73913
948036
820991
460092
159429
949253
522311
727804
34155
435188
931290
431697
459981
910449
496579
431455
407654
12077
5889
16273
839455
458347
443061
621983
901973
903196
434732
421683
742673
955497
385351
80331
867773
444817
847497
16277
773550
953806
422981
536725
908145
442961
449360
431033
892814
460171
303218
779181
931955
926377
942643
443905
516399
835037
520247
377251
756316
470552
498303
40365
842941
433565
424555
41385
855412
849519
401015
464173
479584
470835
58271
421203
18303
40339
845164
726156
821528
884486
810070
436763
938351
439924
521279
375314
384498
769072
890736
860416
486416
431872
61140
243522
704466
6571
28103
858685
271892
520439
532743
472651
446792
920367
832074
463360
882815
921786
16157
775993
873913
911023
454151
7297
815822
864398
902331
452121
870316
913131
865351
934985
898025
305282
732304
412876
882660
807483
503109
731734
959129
483281
266697
871844
381120
465771
358404
910948
28687
356951
75799
128567
571309
425943
955770
936656
420823
874205
874336
749630
12465
917648
907964
363200
359885
440688
934352
424816
860794
575611
844869
562523
278064
356770
326769
266417
432177
408311
377478
302068
499577
416337
895257
806769
206074
529448
455047
543371
841343
923942
593988
68569
610074
923573
456202
435546
495607
445378
408045
302682
77927
49795
948749
555791
409898
47983
942773
908735
43669
536564
301772
462900
768685
771455
942017
370804
417901
524080
878933
908693
937644
858767
885586
474184
940010
519319
523167
895043
264554
904502
380192
845376
445228
923356
923258
4305
41291
132615
43193
492229
844627
352094
464514
808750
471930
420155
133069
570135
920489
513809
913219
506037
290280
33427
959073
943605
428563
54763
305134
365934
10391
66
488555
924073
723138
471038
514769
856739
362311
518293
328446
404214
822152
415372
867024
460154
167033
809261
880986
15605
453717
493342
379835
796703
877662
94845
468616
848870
795100
453587
387602
420367
942088
490553
885224
797238
939397
883052
492744
509817
476415
32469
492915
661595
537333
946352
73491
957294
430049
450483
447598
446051
470415
881322
425099
488525
382678
445236
491227
427006
117459
938818
501025
10113
495366
344928
457712
466136
597293
830288
482578
430793
430775
473277
11237
15355
529125
76879
929280
494489
957513
823950
357854
376748
504850
930804
939323
426907
858680
572499
283068
12163
852535
951275
930879
474633
565190
500308
912007
824124
490445
489967
936793
950552
520601
470859
10489
929545
880683
428857
470401
308026
472428
518229
552237
801830
440653
940306
932373
894040
461952
948406
908717
942621
835633
386805
58615
952152
926053
899171
915244
458699
901047
579919
519069
182324
910965
739778
867342
959299
517067
578603
18063
425026
900331
950766
550831
49177
877259
407390
531636
544921
539080
754200
547695
784864
59234
502413
470524
377166
954791
47807
440495
902282
377832
461550
846961
48473
789308
107561
815903
438898
842560
933885
474819
51614
572197
879668
959666
452941
915267
32163
828053
443323
314329
411042
436202
50183
742774
420129
436167
767631
871404
420741
9180
591199
937217
947287
409688
52776
28651
874098
444167
466096
470236
906447
500247
526349
462281
417756
948723
905238
13927
27613
954389
574135
848769
490001
463711
956412
750298
948110
570491
473903
794582
22843
810205
49532
9543
860406
18003
520113
523645
496648
822330
955913
911402
86873
439910
348071
485328
457818
517558
346272
484667
951930
952491
33379
463542
458535
783874
32201
844825
474841
63147
889847
442122
503887
396203
320073
405065
487745
438323
860712
739952
390395
327219
504662
805372
858553
428049
882998
830154
418220
32291
479485
486225
942555
922925
85075
434934
454943
921885
428829
941337
58969
531633
491885
911942
760764
415051
956296
538713
503808
338478
531279
904862
848735
886116
27544
480167
927829
447916
913320
14553
472295
904100
791426
313678
20564
537246
954331
73121
457149
513103
462075
463593
83597
948707
365894
901191
336743
956441
517879
500379
879466
914577
534186
902311
901436
468133
525505
8133
420377
417006
57309
33209
422508
547703
470309
912958
434510
523565
950203
93306
914871
921445
483367
523877
416753
823038
918527
402438
935807
890803
408801
909605
865919
491180
887295
945609
515921
959754
903153
413024
304098
858895
908030
497623
521275
939993
276766
334341
46580
872376
871811
3403
314400
399121
842139
789037
479583
471841
903305
937093
496973
898407
35005
396782
458299
111225
351938
788553
488845
329442
885796
876026
517459
472707
691530
408716
377629
432958
327622
457115
908899
942607
471713
775178
808588
938727
306420
449620
867424
366321
905696
409627
950283
562819
895989
405450
515451
50138
438453
781961
539138
897596
508789
411528
44378
572173
491198
959167
428766
438782
418721
24359
751536
456588
828389
861406
888213
23282
412730
325834
612589
326338
380115
330066
402794
332910
888045
438150
808422
521887
807277
8321
451991
443724
915850
40113
371299
461502
841378
450625
524068
766691
470737
456538
383422
485347
482929
874842
911872
907322
257774
908928
514021
530303
946313
383469
926851
444459
430929
11773
918970
422187
38458
931628
535195
885248
473765
346866
870440
440307
12697
939395
2775
389268
408160
486248
329295
885669
840534
47091
364384
952557
446484
399312
519920
553179
514939
552660
339212
521564
513215
468605
836620
394377
308054
82846
360690
888597
371341
446861
304517
537487
326165
886610
485596
880948
384569
22839
430530
957419
390316
480555
392982
29877
422507
941068
863377
937666
6527
483217
953078
421524
520855
369268
137
887094
956194
903225
439605
874439
545509
840950
304568
444643
405892
456974
480407
412794
60199
556871
449948
361254
533267
877226
47871
416820
329317
480419
870280
483167
912162
952793
475171
477164
111071
887154
937436
509907
59770
43587
346669
475841
835473
56017
883830
29665
403370
921184
277262
428420
545991
941782
863304
915895
455484
410555
850561
889238
5953
899601
887637
941977
916724
486631
382722
448600
457300
450804
372890
492289
8883
905101
466531
419386
259481
927212
539770
931455
338472
43767
636614
399086
401488
842566
507788
472914
341978
364809
808539
471022
508985
383912
438450
490899
478195
464742
941786
422686
461068
425889
806034
452766
458781
799363
386119
495654
954203
528515
914618
438125
855927
465142
932706
879163
918378
306454
529545
406814
931961
488865
835332
443706
18209
845934
866634
475824
476254
842753
448417
879312
770910
952907
248508
494625
396911
793400
330253
887882
924519
910639
363978
394648
313932
489391
518780
426403
784741
797568
481033
958815
870660
906916
893416
932305
487727
937245
852270
858083
97313
391809
659982
109547
387640
924805
866424
942173
907372
33901
94969
444741
933734
468689
74887
453899
841966
819212
957246
953184
306560
922241
391758
841177
891837
462099
772308
371015
10335
549554
934907
112439
88661
366982
809982
379537
49793
41751
107347
473743
483327
312469
473235
478468
247098
350212
1375
906663
286714
955605
954663
927843
514963
914784
915730
421323
506997
23934
854409
103375
597459
927786
553915
863552
511828
398833
392278
793412
7266
390347
876782
924843
475265
35603
385258
867602
485645
394150
373737
952392
959278
531844
463161
497969
447452
742166
950778
515219
323350
865150
794033
947788
520505
881994
347418
939436
456795
513380
385634
851299
70459
480391
897712
951642
955975
476588
369513
899409
930798
881114
742390
793046
473161
874380
959195
924559
55558
526361
856502
802097
44319
483003
935355
932707
6655
378694
831605
458279
449355
722264
897124
297847
113947
445599
59986
541019
17776
859537
461984
739202
49219
496005
502501
459697
381453
498755
954190
559109
452242
733428
573211
108427
515251
813001
552315
39536
502365
956415
508665
871326
615
918323
464667
475915
872973
946678
904155
428305
11685
14301
915995
46223
916017
466715
482433
473017
911947
870514
959563
524423
912529
415627
942338
396798
532779
744030
587473
531360
463329
902033
529493
421062
876641
335810
552417
785796
553997
931546
930679
439692
397538
440683
556213
462525
438967
840479
12289
477038
734187
926168
48066
365300
562633
478659
438600
907975
889966
20748
760828
794141
394335
464659
374106
328537
44199
420726
859457
506797
854739
524651
910536
364525
790064
475827
923066
382304
471565
470163
375348
438281
478201
67907
12259
915565
270295
432814
801664
463579
920861
267083
400960
539758
430836
890833
434993
262402
937267
371452
885607
422948
479553
447669
368608
480853
909218
875817
303856
950111
522009
323465
517171
441146
480383
351481
589213
529385
448876
404827
447953
470778
560909
390812
395242
374733
18608
941992
542857
868145
2455
924857
391915
430752
545313
789535
876188
399478
22557
737728
480613
314783
908345
520000
77099
433563
949082
599674
843398
615781
374404
806865
942370
60673
532072
875733
847477
255914
457042
381997
404084
947691
706325
475770
932547
853350
872692
931479
428999
466874
97216
31754
59985
432495
877804
318812
458544
831182
470841
953688
379650
924369
32351
458555
360724
159339
478122
511615
439479
532932
518210
868023
320700
43941
482441
13309
485959
42873
40641
794751
878066
906920
427641
322264
498945
801849
888205
508693
411837
442887
307924
905165
2625
848700
406595
427515
122071
890177
888453
955020
425774
592158
947833
898142
922361
891234
834171
505912
862216
483161
556843
929073
355178
54369
848073
531663
15941
1413
913740
911118
493747
421381
676874
72315
945895
916055
953774
43234
253744
445775
553905
955017
929627
379791
59888
254103
841092
456989
491478
43167
458334
303874
375298
459724
119339
442241
469589
928287
808373
449013
539260
432050
931670
932766
605217
13093
2447
13448
907715
11265
339686
399633
499017
41260
9945
917185
848981
853988
436753
465856
463333
891604
476284
10459
953055
28723
40435
461648
418997
368060
850738
499629
440233
297148
933704
781370
816194
40216
958550
939657
915063
953840
824760
504813
910053
423859
379948
557263
786145
492247
20931
824264
599312
921562
819648
447861
804181
928417
922646
816186
410863
445991
514621
804076
528150
500847
512248
474498
53267
433924
552973
266904
940634
852606
953983
474160
870096
882480
465708
389642
408265
938658
107565
806838
447314
449316
868087
452898
409546
497208
552431
407763
20847
843988
376180
766140
343532
7719
394235
813248
948204
874490
722204
399379
895960
461737
593947
942763
342566
327083
463775
51071
888262
804113
924775
937049
314239
443455
398632
552125
731594
371934
410125
475054
427947
390514
929
392118
950977
906971
438883
957040
420299
457397
913264
479733
431461
582850
956111
887336
479731
851197
504297
939491
474791
65293
877156
850539
896906
408928
358855
407738
548419
957490
923015
464563
72977
930994
823230
516481
329600
84547
9809
882576
873649
330152
534374
446375
378569
672650
953988
457301
945440
730102
393576
943611
445680
936791
547802
447682
953569
399450
430902
435975
488777
13187
18439
460085
87
383832
427667
894562
39139
34009
493812
535351
412742
30499
493128
538803
20585
15403
493195
360334
94135
555337
465749
224632
453419
935610
946513
938085
580581
553911
824928
865726
901901
579779
298380
43401
855816
876310
342904
333520
241646
439165
810287
452115
522727
428118
317486
935576
929685
531653
942779
28705
943529
323718
473047
856599
20276
471267
873735
38111
752348
899217
928713
432099
262127
256667
521260
35599
34743
39488
955007
959748
959589
760378
348996
858483
82839
776220
895813
525881
851097
472903
487179
33215
871944
349258
727274
448941
401966
457666
207922
959936
894571
442658
923830
496173
432005
489976
406863
790310
928039
958686
338642
904555
339648
908563
905687
510346
497174
340186
886657
930543
843322
853526
456279
947493
946544
923789
893142
858569
378355
652708
872907
397472
460177
396482
875264
443630
500605
926868
497798
421603
514049
57259
877376
854178
909488
460634
410593
348809
938190
959002
591775
893646
429290
957602
488256
868900
287006
402564
22309
870339
463155
420331
910538
15041
56229
831492
200059
906581
427507
909995
410322
53009
959315
803678
512175
956199
859315
786400
480087
809045
12359
895101
433461
880134
409388
34969
959314
418192
315216
387830
887480
444697
502266
368481
883196
852218
439495
458018
890069
863482
500557
415154
49509
868487
556045
248580
951394
809622
917596
581415
888321
586999
489833
794771
801777
954184
330419
11636
9412
499561
3449
545959
40601
521153
466313
595643
523375
360846
414139
908911
696614
801480
531899
372406
515585
528005
517280
788356
863188
426000
473569
386063
368148
935235
907172
804274
19330
65587
528875
897800
891696
909872
370588
549383
948366
521679
712144
470111
454913
386837
507039
411089
365926
268572
182891
400752
835516
487733
471355
900976
947805
737390
934389
946783
468602
452706
57153
923287
856792
444972
398950
470677
403619
55648
24067
938176
222497
496879
6671
897478
508729
289802
944489
463517
43541
356877
430354
508859
786650
447710
486338
356276
516691
869526
429915
869365
473091
132955
435565
401902
907468
950843
906118
885242
913245
368206
187418
363650
435035
903949
438349
871777
446168
249433
415388
423283
444091
241620
304540
119312
3251
768833
314053
872826
936857
928032
552915
911499
43055
919577
447663
406529
781692
502779
897202
373854
448129
422249
915782
950220
424198
879768
45498
432611
515573
23915
404112
35635
281738
928578
391
475533
22501
369304
476460
424171
438957
456883
872268
235549
448726
51147
425797
470938
367980
268396
401039
854702
537605
946177
430445
887832
926947
941311
506740
383420
452051
481624
922260
166371
468861
26286
263474
414433
406654
421661
96405
929661
471039
423203
877626
537309
453196
576419
840582
446127
918007
35967
75601
950155
844430
807026
953367
51141
673734
885450
435210
531229
51400
537423
871086
449371
441312
461306
441282
842686
905104
80909
468093
440392
488793
846090
504837
446796
512123
20455
922163
453050
446373
443893
414185
445469
478144
957413
409496
31366
915893
479501
959512
416178
937868
459535
520339
385633
42239
861803
659988
415135
550361
910463
950660
864511
490337
481250
362303
462265
463289
260001
900129
906635
958251
882343
476978
531199
480954
519139
480273
761040
876606
451479
117383
424894
865465
469730
867383
906796
422679
4393
936480
431118
333001
863344
3217
846396
436284
938686
937793
530203
386795
828234
881049
937254
34903
937336
440757
427607
472528
461545
790480
431740
127643
395354
952527
36999
930919
794878
495979
37137
841446
932839
955054
423324
443830
360106
789704
932307
44049
955915
508737
579421
912319
902521
479589
942923
397328
934193
856146
853072
87685
953846
876798
952651
959525
471955
858859
824044
403282
959573
944878
906087
51304
524049
409869
504331
925777
378415
445158
366286
943523
430501
462645
346492
904231
371832
382517
361257
895298
943378
56033
398741
379946
515967
33201
99453
484323
434378
515963
462338
115261
414030
901122
865904
939195
938734
447650
537591
414399
344735
512259
916933
24827
466994
857640
907954
502839
427811
794791
470982
439818
56019
940856
473221
541283
320698
465895
794578
401322
447203
319788
888490
596843
941808
45667
952743
532775
816150
22779
956299
937853
941917
474346
560585
493199
944228
846680
414490
57601
509665
435951
537701
866770
935848
2847
476780
83083
503761
585841
844689
390257
914530
762524
894657
499625
498172
177499
506995
833505
916490
932021
872026
729499
310812
437968
430899
930124
407550
46805
302035
562513
842259
840940
924037
17619
416906
436389
303701
521324
59292
784832
767680
936989
93061
34113
348235
877184
826862
814146
133998
57333
422153
816899
334220
105711
848499
15085
531993
92053
67795
902067
386302
500449
534282
870168
831440
873760
65991
820834
755472
874404
375744
462555
12247
442226
539258
472327
959330
496464
905931
35768
448625
519331
421087
903927
41084
838875
892722
475889
22266
934182
23321
447843
518183
438611
488883
871775
521243
869268
495467
402966
589487
716212
920405
927650
272578
874020
953169
430639
466203
472398
6746
939679
13371
392448
538291
520727
913563
322061
411082
366680
955369
422795
460945
391923
899656
490791
369262
91401
448597
184226
523331
470224
808213
47536
874150
890014
534955
860496
114673
511513
51459
51827
515353
935867
389302
483069
477373
458917
487267
420090
242234
520633
856258
893464
484259
583307
943138
314809
22617
512389
861997
449320
527951
452702
936040
722787
818788
440969
890231
252418
939167
957618
823384
952914
463886
487719
835930
876132
65109
40253
950904
493983
497379
840252
430982
31981
39653
928205
444319
5263
871143
867000
43027
256734
885593
811988
489845
575029
473459
950015
765153
910968
938912
743696
449460
893987
870336
534443
952951
425071
493847
59785
861193
303786
568737
850462
883509
10603
836828
939201
863640
246872
584816
521281
442947
39390
502878
489989
901398
894566
496302
856020
394482
526193
485515
484229
503209
371253
456907
502556
496966
46011
345844
308650
538506
441685
493421
442901
539021
840763
947175
246156
380116
52968
316900
532751
944611
473007
436559
443309
322151
527807
500454
728964
847256
497128
526881
422033
371797
479270
54814
404558
21461
431891
856149
413282
900278
854171
449170
521968
864155
515615
915994
572069
5232
458067
589687
248826
460873
894677
844088
471201
464881
412258
587443
956202
535887
57413
956710
301116
937679
362073
436271
473057
532151
420383
492088
115643
938372
916461
16173
896966
526005
257652
470988
744810
453984
440421
14379
59296
182773
7544
570447
479573
896330
489807
374746
508641
382012
45929
882484
497989
34689
35209
574949
838242
347290
479024
686546
958997
487774
888265
915951
444648
329898
869580
801888
202
874357
241504
772184
523408
488715
377572
895050
420522
877976
519327
940455
254358
517053
956505
54510
896
523343
105638
500513
45347
916069
553247
446763
492087
501666
925020
523138
887620
453490
109177
877643
352652
404534
523815
304899
47438
934557
953005
917753
906105
321817
344760
441290
452021
83785
572191
417508
866805
413230
467147
12915
587385
950712
928954
328386
882322
934104
912910
784052
429228
455576
849931
389580
578131
421985
756186
464929
469948
363322
739178
915096
395556
890870
844830
887673
287840
432155
455627
327405
868951
910445
902061
912050
473393
397662
35495
422025
912667
466824
276080
5574
466403
39983
932107
425591
858014
858433
74839
498426
945049
953043
495653
40073
37194
485954
441856
