27957 13614 19262
29129 19584 18878
25948 12603 25129
12929 15177 21133
25550 7424 19205
24181 29129 19584
24950 19147 21705
19230 16366 27694
20158 18082 23878
24950 19147 21112
15057 27805 18152
12603 25129 1477
16098 31818 28408
19805 16617 19024
22721 19805 16617
23409 28834 12647
27117 28330 18973
14845 26531 19140
31975 15915 23376
32383 27747 28834
28223 27957 19262
19147 21112 18187
27393 11951 27684
24336 20626 23261
22948 24446 22492
19379 19147 21705
23796 19711 21908
19379 19147 18187
26930 16596 18985
24950 21705 21112
24335 26844 28205
25550 19205 27128
17044 23747 21704
14845 10768 19140
28223 27957 13614
22425 6058 19743
19741 24187 14889
32383 28834 12647
12764 23261 22152
22156 18950 23742
14004 22940 18613
7424 19205 27128
15810 25129 1477
30867 27837 33251
22428 23257 26504
21517 18204 24747
23932 33251 24615
14781 21977 22333
24451 25902 18436
26937 21005 15127
19584 18878 21517
28887 24335 26844
23526 26092 21281
21388 16509 22984
22760 17186 26475
25845 23736 27150
30867 31903 27837
32383 27747 12647
15587 23124 21491
28360 23409 28834
24182 27949 27136
27805 23249 20797
23747 21704 10768
25780 31903 32634
14781 21496 21977
27139 22948 29371
22962 23747 10768
16596 18985 22333
31903 27837 32634
20240 22719 16441
29606 21194 24456
27747 28834 21889
24386 31975 15915
23238 21167 17831
22156 25932 23742
23932 18160 24615
18950 20486 23742
10905 29117 29016
20551 12280 22071
23878 21112 18187
6058 16222 19743
21496 21977 21769
17929 22760 26475
25317 26879 22353
24456 20158 18082
29530 24229 28314
23796 10905 25981
28330 28217 18973
24386 19806 15915
27839 24181 29129
23239 19379 27163
20019 21005 15127
19404 27136 25303
29606 20240 22719
22962 10768 19140
18082 23878 18187
26790 21427 28204
9646 28757 20648
22948 29371 22492
22438 22428 23257
23084 20019 21005
19741 6058 14889
28347 16098 31818
19025 22327 27694
28056 22980 20207
21610 29227 18720
28932 28217 22720
28347 31818 25927
23034 16445 25954
21704 10768 24187
21696 19711 21908
21704 19741 24187
17929 20567 22760
13028 21644 28228
27257 22428 15269
27839 29129 18878
26858 26930 16596
23084 26937 21005
16617 19024 23669
32317 13050 22940
13975 27259 19466
18686 9597 21623
18204 24747 21081
20973 24745 23929
14004 23239 19379
27805 23249 18152
23376 22327 27694
25247 21926 29447
32317 13050 19711
19025 19230 27694
20952 22581 21600
19666 21889 27709
23249 23526 26092
17929 23257 26475
27747 21889 12647
21194 24456 18613
25247 24451 25902
27117 28330 28217
29606 22719 24456
10905 25981 29016
27837 33251 32634
13975 19466 25123
22156 21623 25932
24336 12764 23261
19379 27163 15564
22962 26531 19140
16222 27709 28054
12280 22071 21696
14738 19666 27709
21600 23084 20019
26858 23878 21112
13028 25904 28228
21517 24747 27185
23919 27619 29329
20019 30448 15127
23129 22425 6058
14004 22940 23239
23249 20797 26092
18878 21517 13975
27259 21002 19466
13975 27185 25123
27257 22428 26504
19024 22984 23669
21704 16441 19741
16257 32317 19711
32045 29116 22366
7424 27257 27128
25613 8544 24061
22760 17186 28861
25150 20439 21285
24747 21081 27185
18586 18950 20486
19379 21705 15564
28220 22438 22428
26879 22353 20143
23257 26504 17186
24745 23929 23124
17044 29606 20240
16257 21696 19711
21977 22333 21769
28223 21130 19262
18008 40804 21167
21002 12538 19466
28887 24335 28205
15057 18152 26930
24446 22492 26092
26930 18985 21281
23919 27619 32897
22031 14250 28819
22064 23129 22425
23249 18152 23526
23239 29016 27163
22071 16257 21696
25948 25129 26790
13625 22064 23129
25954 14781 21496
26858 21112 16596
25024 23511 18686
23257 17186 26475
15810 25129 26790
23796 25981 21908
12744 13622 1074
32040 22064 22425
23085 25177 19806
27117 18973 28205
28983 20567 22760
23796 13050 19711
26937 15127 14396
20486 23742 17831
25048 10535 26098
23034 25954 14781
21889 27709 28054
21491 13625 22064
16596 22333 21769
15057 26858 26930
22940 23239 29016
20142 29358 18562
18985 26092 21281
29549 12929 21133
23085 24386 19806
24745 23124 20182
1074 18287 29238
27949 25990 16783
23296 26435 23039
83099 22580 25048
17044 20240 21704
17044 22962 23747
19095 7424 27257
21517 13975 27185
28056 21707 32040
6891 17929 23257
18008 40804 19138
23124 20182 21491
29116 25317 26879
28983 24182 22760
23409 15057 12647
23145 30597 27994
30413 29270 29124
18878 13975 29124
34919 8959 34578
29601 28500 29025
17950 21512 21285
15884 27684 28867
27257 26504 17186
23129 6058 14889
13625 10768 24187
16509 22980 22984
23824 32040 22064
25247 26943 25902
19465 28887 26844
19095 29182 15269
30867 23932 33251
26844 18973 28205
20797 29371 26092
21427 28204 23511
28932 22720 35050
24182 27949 16783
7274 21926 29447
24666 26532 12538
13050 22940 29016
20565 24685 22240
22071 16257 32317
14738 20207 27709
20240 21704 16441
18008 21167 27139
21133 18562 28991
24456 18613 18082
28056 16509 22980
20182 21491 13625
29016 27163 15564
28228 25360 29588
16222 27709 19743
25932 23742 17831
24895 13028 25904
13975 27259 29124
22719 16441 24456
25048 28220 22438
29371 22492 26092
18008 19138 24082
28479 29614 19319
21685 25360 29588
21610 15810 29227
17920 17044 29606
21600 24706 18545
24182 16783 22760
13050 29117 29016
27839 1074 30413
25150 17950 21285
19095 27257 15269
20439 21285 14845
14671 26061 21594
32040 20207 22425
14395 28983 24182
23796 13050 10905
33251 32634 24952
20693 28347 16098
24819 19404 27136
28360 23409 15057
22580 25048 10535
15057 12647 26858
25247 29447 24451
21388 22984 23669
32045 29116 26853
24952 28932 35050
19741 6058 16222
16445 21908 25954
24952 22720 35050
18160 22720 27619
13050 10905 29117
22284 18985 22333
21512 21285 20182
18160 24615 24952
25048 28220 22428
26930 23526 21281
14852 20352 22713
23129 24187 14889
18160 24952 22720
22580 10535 26098
22980 14738 20207
24706 18545 20153
18152 26930 23526
27805 20797 23669
26435 23039 14250
25902 22156 18950
13527 21394 21036
14845 13625 10768
23549 25550 27128
24819 24182 27136
26853 24336 12764
29614 19319 25967
14004 18613 19379
29549 12929 15177
28056 32040 20207
29016 26971 15564
22031 23235 28819
6891 22438 23257
28217 18973 29329
29116 26853 18014
25990 16783 28738
16441 19741 16222
25967 21393 21512
18008 24082 27139
21517 18204 21081
22581 21600 24706
13625 23129 24187
13622 10846 1074
21889 28054 12647
20565 25247 21926
28192 19808 12711
27950 14395 28983
10846 18287 29238
25048 26098 22438
14396 23238 17831
19705 21707 32040
21644 28228 21685
23145 19465 28887
25317 22353 27393
22980 14738 19666
25588 25150 17950
21610 15810 18720
10846 1074 29238
26435 31818 28408
19059 19299 22344
24685 17205 22240
21130 19262 23022
21393 21512 20182
23238 40804 21167
19670 24386 31975
24082 21388 23669
14396 18586 20486
25588 17950 21512
18613 19379 18187
33251 24615 24952
19262 23022 26531
25981 29016 26971
28217 27619 29329
21705 15564 21769
29025 26965 33082
21696 16445 21908
18613 18082 18187
25303 17186 28861
21393 24745 20182
28054 12647 26858
28217 22720 27619
28192 25588 25150
29447 24451 18436
14250 28819 23549
18867 14903 25946
16783 22760 28861
21427 25024 23511
19138 24082 21388
18562 24819 28991
25954 26971 21496
22721 16617 18612
20439 14845 26531
14395 24819 24182
25981 21908 26971
22284 14781 22333
16783 28738 28861
27949 27136 25303
28314 23932 18160
21985 21380 8959
14396 20486 17831
27949 28738 28861
25902 9597 18436
28228 21685 25360
16617 18612 27805
28056 21388 16509
20207 27709 19743
23943 25607 23919
27994 27117 28217
20207 22425 19743
23319 20439 26531
15915 23376 20852
22973 28192 25588
18966 14396 18586
29530 28314 23932
13477 15909 19983
19806 15915 20852
22490 23296 26435
18635 26098 22438
23736 7808 26432
13614 21130 19262
26943 25902 18950
12456 23085 25177
21705 21112 16596
29186 25613 2072
23319 23022 26531
26853 18014 30872
21130 19262 26531
22152 25780 27952
16441 24456 20158
27994 27117 28205
29353 19793 17948
26971 21496 21769
28983 17929 20567
18635 6891 22438
25048 22428 15269
23549 20430 27128
18342 23296 23039
21908 25954 26971
29601 26030 29025
15810 29227 26790
26971 15564 21769
25780 27952 32634
21285 20182 14845
21600 18545 20019
22721 19805 18612
23989 23034 14781
23145 30597 26965
21705 16596 21769
19025 22574 18867
26970 20491 13477
19465 28602 25607
17948 21985 21380
21167 27139 22948
26844 18973 29329
25845 27150 23915
29447 9597 18436
16222 20158 28054
17789 25550 7424
16617 27805 23669
18545 20019 30448
19805 18612 27805
22490 18342 23296
29606 21194 18613
27259 29270 29124
14020 24339 27186
19025 19230 14903
27160 28952 29614
17181 23519 20973
26790 21427 25024
25948 26790 25024
14903 25946 17920
18242 26511 26097
21130 22962 26531
20158 26858 23878
17831 22948 24446
7487 30413 29270
28819 23549 20430
17263 19230 14903
21426 20551 12280
21518 20430 19404
22713 31818 25927
27150 21168 23915
7808 26432 23235
40804 23824 19138
20491 13477 15909
24181 19584 18287
19793 17948 21380
27949 25303 28861
27839 18878 29124
28204 23989 23034
22353 27393 27684
19670 31975 23376
13265 32045 26853
29227 26790 28204
28500 29025 33082
20142 21518 29358
18242 13353 12456
21167 17831 22948
21426 20551 22071
23145 27994 28887
23828 27038 29232
18147 15587 21491
27949 25990 28738
24082 27139 23669
16441 16222 20158
21426 13896 22071
17205 12603 1477
13265 26853 24336
25902 9597 21623
18245 22284 14781
29025 26965 24952
23989 11790 14781
25150 23319 20439
27139 20797 29371
27839 30413 29124
25902 22156 21623
20430 19404 25303
21064 8199 14020
23261 22152 25780
23376 20852 27694
19670 23376 21394
17005 19705 28056
28952 29614 25967
19466 25123 38498
17005 28056 21388
25967 25588 21512
20852 16366 27694
9220 14020 18059
17005 19705 19138
20182 14845 13625
13344 18069 18635
25607 26844 23919
22973 25967 25588
21644 21685 23828
21518 29358 19404
17205 19198 1477
18356 20565 24685
18545 30448 20153
28602 25607 26844
32936 14403 20681
17789 19095 7424
27839 1074 18287
7274 21926 25024
23084 24462 26937
22353 15884 27684
15177 21133 20549
19465 28602 26844
27839 24181 18287
19025 22574 22327
27139 20797 23669
27994 28932 28217
17205 25948 12603
17263 19230 16366
19805 28360 19024
29447 18686 9597
29601 26030 28500
19705 28056 21707
16202 26511 26097
7274 25024 18686
27952 32634 24952
26965 24952 28932
27994 28887 28205
21685 23828 29588
16202 26097 22490
26853 12764 30872
30448 20153 18147
29358 18562 19404
16202 26511 18059
23828 29588 29232
29116 25317 18014
25997 29186 25613
8199 12711 24339
34919 21985 8959
14020 29147 27186
26097 22490 18342
26844 23919 29329
27160 28952 22973
13515 12744 1074
24229 28314 23943
7808 20142 21518
20153 18147 15587
26061 11195 26393
18966 18586 18950
20430 27128 25303
23519 24706 20153
19705 23824 32040
23235 28819 20430
23319 21130 23022
28952 22973 25967
18562 24819 19404
27257 27128 17186
17181 20973 24745
11951 27684 28867
19927 29025 27952
19584 18287 21517
25845 23736 7808
27150 21168 13408
11790 21623 25932
26030 19927 29025
29147 23085 27186
28360 19024 22984
20549 14395 24819
20158 28054 26858
19299 23064 26435
29025 27952 24952
14250 17228 23549
20453 29353 17948
19025 18867 14903
19808 12711 29605
32317 22940 18613
28204 23034 16445
19805 15057 27805
20261 15884 28867
25946 17920 17044
28479 24895 19319
21739 20549 14395
7487 27259 29270
29586 29344 23419
11790 18245 22284
8199 14020 24339
13515 1074 30413
17005 19138 21388
25946 28223 13614
9220 14020 29147
22713 26435 31818
11790 18245 14781
23985 20261 31368
27128 25303 17186
24866 9646 28757
19805 28360 15057
19059 19299 23064
22344 16098 28408
24027 24678 7487
21491 23824 22064
24462 26943 18966
25997 29186 2072
19705 23824 19138
24462 26937 14396
27186 19670 21394
13408 18635 6891
16202 23064 22490
22980 19666 22984
30448 15127 40804
15810 1477 18720
26432 22031 23235
24666 21002 12538
27186 19670 24386
18279 18069 18635
8199 28192 12711
30597 26965 27994
19808 29605 23319
23261 25780 31903
34937 30867 23932
29227 18720 23012
29227 12280 23012
7274 29447 18686
18867 25946 28223
25946 13614 21130
18287 21517 21081
18867 21036 28223
20491 15909 18576
26970 20491 7808
17228 17789 25550
13353 12456 24678
17205 22240 25948
27393 12764 30872
18342 23736 27150
29344 21064 8199
22152 19927 27952
13436 21467 20693
18147 21491 23824
17181 21393 24745
18279 13408 18635
20352 22713 25927
23085 27186 24386
11195 13344 18635
17205 19198 21081
11195 26393 13344
20453 17948 21985
23989 11790 21623
15127 14396 23238
23546 33686 20681
20952 21600 23084
19666 22984 21889
28360 22984 28834
12764 22152 19927
25845 20491 7808
23546 24114 20453
18720 26967 38498
23419 19059 23064
24462 18966 14396
26943 18966 18950
26970 13477 20142
23511 18686 23989
34578 18287 21081
20261 31368 15884
27160 28479 29614
29549 21133 18562
29586 13436 23419
8959 34578 18287
19299 26435 28408
23145 26965 33082
28204 23511 23989
25997 2072 20907
13353 24027 24678
24678 7487 27259
20726 18576 18807
29138 24866 9646
19466 26967 38498
33686 34919 21985
18356 23084 24462
23615 17181 23519
21426 13896 23012
28192 19808 23319
14403 18356 24685
7808 23235 21518
12456 24678 25177
28192 25150 23319
23985 21644 31368
26965 27994 28932
21426 12280 23012
25932 17831 22284
11790 25932 22284
17228 23549 25550
19299 22344 28408
26532 16366 12538
18576 21739 14395
21130 17044 22962
22240 25948 25024
24666 20852 16366
18686 23989 21623
22574 23376 22327
31368 22353 15884
34578 17205 21081
12538 19466 26967
22984 28834 21889
25845 20491 23915
18160 27619 32897
20726 27950 28983
20565 25247 26943
28843 22973 28192
26970 7808 20142
26817 20693 28347
24678 27259 21002
28314 23943 23919
27160 13052 28479
24446 18985 26092
23064 22490 26435
24666 26532 16366
21133 20549 28991
20261 25917 28867
32249 22071 32317
18720 23012 26967
23145 33082 19465
26061 13353 26393
23235 21518 20430
18147 40804 23824
24956 26061 11195
25177 19806 21002
24339 13527 21394
20549 24819 28991
15909 18576 21739
12711 29605 13527
13527 21036 28223
19198 1477 21081
16202 14020 18059
23985 21644 23828
11951 27038 19927
18242 12456 23085
28314 23919 32897
28204 21696 16445
15127 23238 40804
15417 20648 28500
24741 32936 14403
25317 18014 30872
24895 25904 26817
23985 25917 23828
25048 29182 15269
23546 20453 33686
18807 27950 14395
32045 19149 22366
14528 27843 15417
13896 17263 23012
29549 15177 20549
25917 23828 28867
20978 23519 24706
24339 27186 21394
26432 22031 14250
25317 27393 30872
13265 13632 24336
12711 24339 13527
1477 21081 27185
20726 18576 23915
13477 19983 20142
13436 23419 19059
20726 23915 28983
27160 28843 22973
23985 20261 25917
18059 23085 25177
17831 22284 24446
18576 18807 14395
30448 18147 40804
18867 21394 21036
22353 20978 20143
20352 28347 25927
22713 26435 14250
27160 13052 28843
28944 23615 23519
20726 18807 27950
32249 14903 17920
13408 6891 17929
28314 18160 32897
17263 23012 26967
24666 20852 21002
13527 28223 21130
19319 25967 21393
20973 23929 23124
19983 20142 18562
22284 24446 18985
22574 18867 21394
24678 25177 21002
22574 23376 21394
19983 29549 20549
20491 18576 23915
14671 26061 13353
20453 33686 21985
13436 26817 20693
21467 19059 22344
19983 29549 18562
18342 23736 26432
15909 19983 21739
25613 24061 19793
13896 32249 22071
19149 22366 20952
25946 21130 17044
14671 13353 24027
27393 11951 19927
24956 26061 21594
29605 23319 21130
9646 83099 20648
27393 12764 19927
29605 13527 21130
27425 13632 34937
28479 24895 26817
20565 22240 21926
14852 27843 22713
18279 27150 13408
11195 18635 26098
19806 20852 21002
25047 27038 29232
29116 22366 20952
19983 21739 20549
9220 29147 23085
18720 25123 38498
20648 19465 25607
23546 32936 20681
14528 27843 25047
33686 20681 34919
26879 20143 22581
18242 23085 25177
8959 10846 18287
15417 20648 29182
83099 25048 29182
23519 20973 23124
28757 24229 23943
20648 28500 33082
20648 33082 19465
19793 21380 13622
13353 26393 13344
9220 18059 23085
23261 30867 31903
20681 34919 34578
22240 21926 25024
23519 15587 23124
20978 22581 24706
29138 20453 29353
14671 21594 24027
18720 27185 25123
13436 21467 19059
21168 13408 17929
26879 20952 22581
23915 28983 17929
23519 20153 15587
13028 28944 21644
28757 20648 25607
34937 20626 23261
21168 23915 17929
29138 9646 83099
21380 13622 10846
26432 23039 14250
23828 11951 27038
18342 26432 23039
20565 24462 26943
34937 29530 23932
32317 29606 18613
18356 20565 24462
29227 12280 21696
24956 20968 11195
23828 11951 28867
28757 23943 25607
29116 26879 20952
18242 13353 13344
15417 26030 28500
17263 16366 26967
14852 28228 29588
25047 29588 29232
29227 28204 21696
11195 22580 26098
32249 17920 32317
34937 23261 30867
22713 14250 17228
29344 23419 21064
27843 17228 17789
26511 18059 25177
13515 7487 30413
23546 24114 32936
17263 32249 14903
26817 20352 28347
18342 18279 27150
18242 26511 25177
21594 13515 7487
18342 18279 18069
20978 20143 22581
20968 11195 22580
13052 28843 29586
26097 18342 18069
25047 27038 26030
20952 18356 23084
27038 26030 19927
21380 8959 10846
83099 20648 29182
21594 24027 7487
24866 29530 24229
27843 19095 29182
1477 18720 27185
16366 12538 26967
25997 20907 24956
24336 34937 20626
26097 13344 18069
22344 20693 16098
27843 17789 19095
19319 17181 21393
13896 17263 32249
17920 32317 29606
25904 14852 28228
24866 28757 24229
21467 22344 20693
13265 32045 19149
25904 14852 20352
19319 23615 17181
15417 25047 26030
14528 15417 25047
25904 26817 20352
20681 34578 17205
8544 24061 19793
25997 25613 8544
29138 83099 22580
18242 26097 13344
16202 21064 14020
13632 24336 34937
28944 31368 22353
14852 27843 25047
14403 20681 24685
27843 15417 29182
20907 24956 20968
13028 28944 23615
27425 13632 29530
27843 22713 17228
8544 19793 13622
27425 34937 29530
20681 24685 17205
28944 21644 31368
25613 2072 19793
25997 13515 12744
8544 12744 13622
25997 21594 13515
25997 24956 21594
16202 21064 23064
24114 29138 20453
29586 13436 26817
24741 14403 20952
14403 20952 18356
23419 21064 23064
14852 25047 29588
28843 29586 29344
28944 20978 23519
24895 13028 23615
24741 19149 20952
29138 20968 22580
28944 22353 20978
13052 29586 28479
24895 19319 23615
25997 8544 12744
28843 8199 28192
29586 28479 26817
29353 20968 19793
29138 29353 20968
13265 24741 19149
13265 24114 13632
2072 20907 19793
28843 29344 8199
13265 24741 32936
20907 20968 19793
13265 24114 32936
24114 29138 13632
13632 24866 29530
29138 13632 24866
