64876
64394
61704
64983
59018
64779
55944
35177
53324
63681
81991
61260
73762
63029
58741
59252
48602
57240
72775
65933
59126
57272
61557
57789
60372
87654
64941
67245
62097
76729
72515
75468
68924
70755
60311
67158
67319
74631
66173
69180
70906
70594
69094
80207
65506
60699
76071
67149
71288
66664
65205
88550
81391
66195
79815
73320
81781
74927
73242
71087
65751
67925
65424
72886
74898
76066
80046
66819
81845
81507
73824
74023
72998
73213
81015
93433
66707
70334
76770
87928
72101
71243
79983
84571
59958
78739
3976
78662
76583
76358
66274
73668
78149
81035
76489
92512
81117
75861
80129
80600
82710
83556
74748
87448
699
19321
82815
87644
70639
65160
91596
66371
68233
90695
87803
79197
1850
82485
1673
72294
88740
4296
90805
93967
88592
7760
7596
89891
87087
92576
2508
78217
1703
26237
84140
19442
1647
19606
12892
90063
8678
2741
18815
6560
25365
24738
26443
15870
11587
12866
21500
11741
12371
14044
10526
19986
21272
27423
14018
20474
23177
91377
14601
6426
19472
2794
8725
15078
5236
26621
13067
26680
9277
21077
18923
23587
17001
34768
34935
26397
14640
27364
30093
27195
19968
17287
29362
3744
18850
15647
38224
42090
13726
38746
40615
37732
39207
26508
31098
28101
39929
32637
38738
32849
38735
24155
34484
31462
31972
29873
33020
25461
39574
34671
32996
24579
30803
46532
30654
33556
1720
45195
45853
30464
39948
34929
37719
33465
29213
35307
30640
33011
29655
12515
23986
31169
39222
38921
37394
41140
37822
37389
33711
31706
35028
71953
49491
33414
42984
29646
37767
39388
30528
34387
39211
25202
39988
36563
58039
44661
37504
37670
35856
38530
41490
36001
40637
33373
36462
38214
68373
58771
44543
38502
28573
41134
44483
38734
40275
61754
42944
46401
39720
37467
47187
47172
30221
51831
64995
49974
44453
76896
62850
57100
46517
51971
56675
40138
53832
53515
53202
51115
47131
52026
48526
51325
45311
41779
47744
62464
47847
55943
61330
62252
80975
38445
68137
46034
55634
66852
46895
64832
57106
54449
67571
37418
48770
55639
64876
