12232 15735 14733
18756 13729 24288
23192 16505 23411
20050 20560 11305
24220 17139 29131
6092 35185 18748
21582 25524 14446
42683 26954 76037
32046 23463 14942
17491 27239 18883
20138 3723 7109
18444 21741 29196
20162 18943 21986
10115 7054 11506
14104 7140 8688
44158 25098 19159
19084 19643 22083
21250 19189 20523
15074 30399 24644
23865 20339 13870
20365 32282 12319
20573 20034 32810
35185 18748 13823
8146 25531 24116
22992 14211 24028
17734 16273 14998
14054 18211 18489
26529 18756 13729
17704 7249 19692
21265 27897 17960
7054 11506 20434
19189 20523 17553
20560 11305 16505
7257 22559 27946
90315 25055 15354
17612 20621 24476
17116 26288 26591
17491 33674 27239
5982 11376 9670
8070 16477 20350
13182 7979 12356
17491 33674 18883
12230 12653 23060
12286 22553 17649
14649 22927 14046
12072 23515 28368
25149 8460 36845
21250 20523 22482
12466 5982 11376
8379 16273 14380
6064 14381 16374
7430 7854 20668
12466 17681 11376
19393 13425 12980
19387 14984 7109
20523 22482 17553
23003 13913 24028
19500 12339 23003
39213 8479 23543
17704 90308 19692
17427 16937 8134
15366 19718 13612
14428 29946 19698
9622 7430 7854
14429 15029 28924
39213 33638 23543
17621 18935 7675
33638 14748 23543
14423 31446 21379
17358 17612 20621
6579 21771 21268
16870 12005 90317
12005 17125 90317
20513 16313 8634
13943 22938 20175
18447 26842 11866
21298 18679 23198
18935 7675 85611
23208 20068 17275
16032 20183 81843
14423 12700 31446
10115 14733 23251
36845 26000 17116
25029 12072 23515
17704 15735 15112
18444 29196 31467
15216 24228 14428
55768 41685 7761
23965 20138 3723
15630 14751 13111
22951 4791 9001
13481 21227 14649
20560 23192 16505
25867 17621 18935
17232 19500 23003
27105 22951 9001
15735 10115 14733
15688 14761 2556
12612 12225 16916
19182 3400 13556
12339 23003 13913
17612 24476 16870
13913 26573 24028
13111 17233 17436
7979 12356 14644
23003 16016 24028
40856 20573 20034
7257 12816 22559
8184 22645 63701
8430 8698 12980
14983 15572 19476
14751 4791 17125
23208 17275 13443
12325 12005 17125
14748 23543 26446
24476 12284 29188
29316 10552 26446
18660 16016 24028
28070 25029 23515
15688 2556 38011
33175 13425 9056
6064 14381 12656
21039 23060 90315
16037 73660 13675
17734 16273 14380
12504 14381 12656
20039 7973 9311
9056 22958 19747
15735 10115 15112
14533 22992 14211
17704 10115 15112
19093 4923 13691
19602 29050 11557
14761 2556 25617
18453 21336 27897
14621 17379 8146
29196 31467 18259
26000 17116 26591
64488 10353 21712
12504 7675 85611
16132 85611 25674
24228 14428 29946
2556 38011 25617
16837 20365 32282
29946 19698 12078
27946 16037 73660
8365 11506 20434
90324 20573 9311
91984 79672 51538
17621 17275 13443
17687 23865 20339
14748 29316 26446
20003 20304 10860
25100 20050 20560
20350 25867 17621
12723 12708 83868
17127 18638 12928
21336 27897 22523
33175 19393 13425
23881 13870 24286
79076 22644 12708
12200 1885 19354
17038 21665 21890
34973 19974 24024
10032 14132 28070
12078 20621 6064
16273 18741 14193
19159 21430 20533
14559 14104 8688
10115 23251 11506
30043 17734 14998
22927 21039 14046
20195 8558 17436
12504 13443 12656
12078 20621 24476
25100 20050 14426
8430 8698 3400
8308 55768 7761
40856 20573 9311
26356 28070 25029
17125 90317 14942
19093 16317 13691
19393 8698 12980
16313 8634 33821
17434 12078 16132
7747 20304 10860
23965 17960 20138
17034 25897 21670
25149 36845 26000
15213 20801 21683
16834 20513 8634
25109 23411 6577
19701 17734 14380
19493 12700 13856
3897 21462 16032
24476 29188 16870
14751 13111 4791
16477 20350 17621
12339 16313 22941
12325 14751 17125
40856 20034 25098
25524 14446 17123
5982 9670 13825
28874 23359 24817
15802 15153 22938
29188 16870 90317
23251 8365 11506
25055 15354 13843
22559 27946 73660
13943 15153 22938
8070 22993 16477
21265 27897 16657
20183 81843 22138
8365 17707 20434
17725 15366 19718
21245 12466 17681
20034 25098 19159
12356 14644 14733
12653 23060 90315
12232 12356 14733
8070 13675 20350
20513 12339 16313
23280 12286 22553
11305 16657 16505
14644 14733 23251
8379 16273 18741
17434 12078 6064
20050 14426 23965
19493 18748 13823
17358 8839 20621
24288 12637 27105
19850 13943 15153
13822 13111 17233
21298 28469 18679
13729 24288 22482
15213 23304 21683
20880 14924 3163
15847 19093 16317
90315 18333 25055
23848 17443 17202
19850 15802 15153
28157 21265 20050
29050 8146 25531
12982 17612 16870
13823 20195 8558
19054 25965 22958
14984 7109 23201
21268 29878 22509
15074 30399 30628
24116 18935 85611
12653 90315 18333
14533 13030 14211
18746 14054 18489
8379 18741 14193
30922 3143 8070
17127 7884 18638
23192 25109 23411
16317 21603 13691
18755 18453 27897
21265 23965 17960
9289 22300 17210
12637 27105 9001
14621 29050 8146
13425 12980 28423
11540 8430 14644
29316 10552 60522
14423 19747 21379
17443 23108 17202
9670 16916 13825
22644 12708 83868
14446 17123 9081
16313 22941 33821
13425 9056 28423
13822 17233 17436
8839 20621 6064
7854 19182 20668
21430 14428 19698
41685 7761 73951
19182 20668 13556
12524 23949 7981
21316 15630 13111
33160 19159 21430
3143 8070 13675
16477 20068 17275
23848 17443 18333
27105 22951 4791
13181 29878 22509
14559 17725 15366
90308 22993 16477
20050 11305 16657
12982 20266 17612
18453 21336 19989
15630 12325 14751
25109 22509 6577
11987 6464 24575
33160 11111 19159
20867 21336 19989
44158 11111 19159
21530 21574 34048
20034 32810 19159
18883 17167 16178
23304 21683 19858
20880 43569 3163
224 67027 51538
16317 76376 21603
30065 14568 17038
16916 13182 7979
12504 14381 85611
8839 6064 12656
17219 73660 13675
224 79672 51538
17443 23108 18333
28157 20050 23965
25103 18211 16207
22958 14423 19747
14644 8365 17707
12078 24476 12284
22941 13913 26573
12339 22941 13913
17716 16517 21721
19387 20138 7109
15802 24284 20789
9803 14533 13030
25142 21530 21574
17434 16132 6064
12700 31446 21379
26716 12146 27422
11540 8430 17707
19387 22947 14984
17232 23003 16016
4791 17125 9001
34485 19974 28598
9479 24858 25316
20027 8634 33821
28157 21265 23965
17299 13481 21227
30151 18001 27353
19718 17232 13612
19189 20533 17553
64488 14529 21712
10182 22578 16934
16834 20027 8634
20185 22523 28389
27897 22523 16657
34973 24024 15216
19698 12078 12284
13856 13823 8558
9428 25879 21965
27422 23108 17202
20588 23206 31467
8070 90308 22993
26021 29050 25239
14381 85611 16374
16657 16505 23411
6064 25674 16374
66305 7761 73951
13030 18660 16016
19354 16834 20027
10115 8748 7054
26356 14132 28070
19858 19387 22947
11540 14644 17707
25524 17238 17123
11376 9670 16916
24284 20789 22938
14054 18211 20039
14054 18489 90324
21316 13822 13111
17704 12232 15735
19387 17960 20138
14644 23251 8365
18211 20039 16207
9221 19476 13053
16477 17621 17275
12225 16916 7979
17427 25872 16937
15360 1501 23881
1501 19858 22947
20162 20026 21986
27106 19826 17991
33674 17314 25100
16916 13825 13182
84551 20706 17623
33175 19054 25965
25415 20185 13181
17697 52569 9481
25965 9056 22958
16132 6064 25674
20588 23206 14844
17621 12504 7675
14350 16837 32282
7747 10860 9285
85611 25674 16374
20185 22523 16657
14446 7423 9081
35185 13823 20195
16657 23411 6577
16937 8134 23243
13674 21250 19189
22644 12723 83868
90308 19692 16477
17210 21263 29878
18685 27280 22621
33674 27239 17314
30151 40408 25897
25442 22927 21039
7054 10298 20434
90324 20573 32810
21265 20050 16657
22741 1885 19354
24286 13661 12025
18416 18300 24284
24288 27105 22571
12700 21379 20266
15802 20789 22938
15074 28881 30628
25712 28827 35304
8430 12980 17707
17687 32439 20339
22300 17210 29878
13030 18660 24028
13030 14211 24028
27897 19387 17960
20185 13181 22509
12816 19602 29050
18652 24116 18935
14924 43569 3163
29050 25239 18652
27071 33160 21430
12325 16870 12005
7249 19692 20068
17210 21263 13508
7973 40856 9311
12816 22559 19602
23223 10182 16934
29946 12078 16132
17621 12504 13443
12006 19182 3400
12966 14621 29050
26021 29050 25531
28712 24147 22740
13182 12232 12356
20588 28438 14844
19493 13856 13823
33175 25965 9056
79076 12708 58729
32810 19159 20533
17358 20266 17612
22559 17219 73660
28598 33160 11111
24817 34923 26662
13870 24286 13661
20238 17140 18650
19974 24024 28598
17358 8839 12656
20185 22509 6577
23223 21530 16934
20003 10860 22793
20339 13870 13661
21379 17358 20266
12200 22741 1885
8308 66305 7761
17219 13675 20350
12740 22645 63701
21717 17140 29792
20533 12284 29188
1501 23881 24286
21530 16934 34048
16385 14559 17725
18752 14983 19476
20026 21986 26867
13869 968 18233
25103 20039 16207
8134 11371 23243
17034 21670 33993
26021 25239 25531
20533 17553 29188
8460 36845 17116
17299 13481 14649
13661 3723 7109
27071 28598 33160
21741 29196 18259
21721 21743 7485
24817 26118 30218
28423 19747 21379
24288 12637 22482
21227 18444 21741
13733 18447 26842
33674 18233 25100
9056 28423 19747
35185 22571 20195
14984 23201 12025
19183 19309 26367
27295 15213 20801
28712 19652 24147
12637 9001 23463
17299 25442 22927
20039 90324 9311
17232 14583 19500
14529 21712 4748
22472 17551 21245
17687 32439 8927
23881 23865 13870
33985 32564 24644
12653 23848 18333
16273 14998 14193
23206 14844 6579
9001 23463 14942
17299 14649 22927
25397 20162 18943
22862 33985 24644
12966 12816 29050
19652 24147 1474
7249 23208 20068
12700 13856 20266
3143 16037 13675
7973 17066 40856
18752 9221 13053
17817 18416 24284
13111 4791 17436
17219 20350 25867
30043 14998 19493
25442 21039 23060
24116 16132 85611
25100 14426 23965
32583 17427 8134
19132 15989 8748
17553 29188 90317
12230 12653 23848
12200 21743 22741
15216 21430 14428
20185 16657 6577
27239 18883 16178
26716 27422 17202
19826 17991 22401
32810 19189 20533
25239 25531 24116
25239 18652 24116
19132 17704 7249
21582 25524 16666
31944 20518 24575
33175 16178 19393
7423 34973 19974
33674 18883 18233
11371 23243 16939
26273 39098 20304
86851 32689 25878
19692 16477 20068
21683 1501 19858
15989 8748 24102
21771 13508 21268
51061 26370 39618
18516 23518 31596
18752 19476 13053
20003 13230 22793
17125 9001 14942
23000 17127 7884
18752 14983 9221
22741 16837 20365
23884 9289 22300
13948 12747 22621
20287 16525 22538
16178 8698 3400
26716 17202 20713
40856 44158 25098
7109 23201 12025
14054 20039 90324
25897 21670 27353
17991 8379 14380
29174 17334 21616
32583 8134 11371
25442 18738 12230
23359 24817 26118
1501 24286 22947
12980 28423 20434
4619 21433 19661
12708 58729 8308
21574 17238 8421
57 12466 14104
12765 17314 25100
20027 33821 22992
17123 9081 12966
2948 61913 14529
17545 21603 13691
21227 14649 14046
30151 25897 27353
18756 24288 22571
22571 20195 17436
22553 17649 17038
10032 28070 23515
18489 90324 13674
23206 31467 6579
27105 22571 4791
2048 10298 23208
21743 22741 7485
27239 26570 17314
26529 13729 22482
13825 13182 12232
16517 21721 21743
6092 19493 18748
8146 24116 16132
20365 24124 12319
26716 14568 17038
15381 21717 17140
8430 3400 13556
13661 7109 12025
22138 23320 18685
13856 20266 8558
18755 18453 19989
20185 20175 28389
25442 12230 23060
21430 19698 12284
23518 31596 84386
13733 19627 26842
42683 79076 26954
16385 57 14559
28881 33993 30628
12146 17038 21665
18516 34961 27872
57 14559 14104
79076 22644 12723
9479 28469 24858
12632 17334 13172
23108 18333 25055
10552 26446 10714
23884 18300 22300
26573 22992 24028
26529 18756 22571
26118 21553 30218
17991 22401 8379
17847 51061 39618
20588 18444 31467
20376 24296 16144
19826 13869 18233
17123 9428 21965
24024 27071 15216
7423 9081 34973
34044 3897 24979
12708 8308 55768
36447 8184 34628
22559 19602 17219
41685 73951 51538
12980 17707 20434
7981 24124 15079
20668 14644 13556
16178 19393 8698
25712 15785 28827
26570 12006 3400
2948 30332 14529
20801 21683 1501
21430 20533 12284
18746 18489 13674
24286 22947 12025
9829 19850 15802
12723 12708 55692
14998 19493 12700
30043 6092 19493
7973 12072 17066
8430 14644 13556
28077 64488 14529
22947 14984 12025
17127 12928 14583
17299 22839 25442
12006 7854 19182
39618 75876 38111
28438 14844 6579
16579 30043 6092
15360 20801 1501
17123 21965 12966
21334 18856 28438
25415 20185 20175
22482 17553 90317
22941 26573 33821
21965 12966 12816
17847 51061 24974
14559 15366 13612
14561 12325 12982
18300 24284 22300
11557 25867 18935
30332 14529 4748
24102 7054 10298
28423 21379 17358
19602 17219 11557
14568 13063 25045
22553 30065 17038
25029 7973 12072
14193 14423 12700
17454 23000 20663
10298 23208 13443
19054 14193 22958
22482 90317 14942
3897 16032 20183
25142 21574 17238
58729 38111 66305
28077 61913 14529
24228 17379 29946
31467 6579 21268
32439 27106 19826
21245 9221 19476
14583 19500 12339
17729 20513 12339
89791 7813 24174
67027 41685 51538
17034 28881 33993
14533 20027 22992
18233 25100 23965
14193 22958 14423
18332 15234 4352
2948 28077 61913
31313 30065 14568
12708 55692 55768
17379 8146 16132
7140 30922 3143
26716 14568 13063
21965 7257 12816
21263 21268 29878
32439 19826 13869
11586 18202 27238
22297 25149 8460
28598 44158 11111
25879 21965 7257
12325 12982 16870
21721 15572 19476
17219 11557 25867
26254 20588 18444
24024 27071 28598
26716 12146 17038
28874 24817 34923
21890 20513 16313
14983 21245 9221
19826 22401 17167
9803 13030 16016
16317 76376 36447
12612 11376 16916
21890 16834 20513
19132 17704 10115
23223 25142 21530
29050 18652 18935
19718 17232 16016
4748 18746 14054
20867 23212 19989
21263 13508 21268
34961 27872 18668
29050 11557 18935
22741 19354 16834
24817 26662 30218
12765 15079 17314
22472 17551 12542
28469 18679 23247
21665 14350 21890
22571 4791 17436
21245 17681 19476
32439 27106 19701
8384 20335 8479
8748 24102 7054
17688 6764 21449
13573 34044 24979
9992 14562 22839
10298 17358 12656
32439 8927 19701
18332 39213 33638
25879 20663 7257
21336 22523 28389
27071 15216 21430
20376 24296 5992
26838 28712 19652
22482 32046 14942
10298 13443 12656
19132 10115 8748
15354 20067 13843
22400 28493 26288
23965 13661 3723
22401 17167 19054
12524 7981 24124
2048 24102 10298
90324 13674 19189
26453 20067 13843
17954 17716 14983
22862 15074 24644
20867 21336 28389
23502 13733 18447
21316 13822 14561
26573 33821 22992
26288 26591 26254
14998 14193 12700
22472 17954 14983
9829 15802 24284
24296 16579 30043
17687 23881 23865
23304 19858 19387
22472 14983 21245
22400 17116 26288
10634 32583 17427
90324 32810 19189
26356 25029 7973
20335 8479 27238
15989 2048 24102
17697 15457 9481
6464 17034 25897
12319 20560 23192
25415 22938 20175
21159 17485 12020
34048 25879 20663
30628 10552 10714
22138 91972 18685
19661 18516 34961
18755 27897 19387
21574 34048 25879
18447 11866 18856
9479 21298 28469
58729 8308 66305
23243 16939 34485
8379 19054 14193
20331 7981 15079
33993 30628 10714
12884 12928 14583
9829 17817 24284
84551 20706 4882
17232 13612 14583
32564 25957 82688
23247 20003 13230
12072 17066 40856
17379 29946 16132
15847 89860 36447
11866 18856 18300
15381 4619 17140
23243 23515 28368
10298 17358 20434
12466 14104 5982
40694 3897 21462
13943 20175 28389
22482 32046 23463
26529 35185 22571
23502 15029 28924
15457 10353 9481
28756 17817 18416
32439 968 20339
50971 28874 23359
30922 8070 90308
32439 13869 968
24147 1474 22479
34048 17454 20663
13822 14561 17436
18856 28438 6579
14583 17729 12339
18088 28889 18827
13825 12020 12232
12225 9622 7430
25142 25524 17238
17716 21721 15572
7747 20304 9285
25142 25524 16666
26370 28725 63169
19183 20287 26367
25442 21425 18738
30348 18202 20865
18332 33638 14748
7423 34485 19974
22401 8379 19054
19132 15989 2048
26716 13063 20713
43569 30348 18202
26529 21250 22482
8479 23543 22998
18060 22400 28493
16385 57 9803
21582 14446 7423
13948 22578 12747
13948 22578 22621
26254 20588 28438
28423 17358 20434
57 21245 12466
15847 16317 36447
968 18233 23965
79076 26954 58729
14561 12982 8558
19145 66305 73951
20331 9622 12006
21334 18447 18856
26954 76037 58729
24296 5992 16579
12982 20266 8558
18259 20067 21268
17716 14983 15572
9622 12006 7854
17210 21771 13508
32689 32939 15785
27422 23108 25055
14583 17729 20513
12632 14189 13172
23543 26446 22998
17238 17123 9428
7884 7257 27946
17038 21890 16313
8479 27238 22998
14561 8558 17436
13063 17202 20713
20880 27872 18668
35304 22862 33985
15360 17687 23881
19826 18883 18233
14562 17299 22839
24575 40408 25897
21262 19850 13943
51061 24974 28725
26288 26254 18444
21316 15630 14561
31467 18259 21268
32939 25712 15785
20376 18746 5992
12542 12200 21743
20331 26570 12006
20926 84551 17623
4352 8384 39213
21425 18738 12230
33175 17167 16178
12637 22482 23463
17134 23223 10182
18332 4352 39213
8384 39213 8479
12612 12225 9622
28493 14562 26288
17237 20867 23212
17238 25879 8421
9829 17817 19850
22578 16934 23242
27106 17991 19701
20067 25109 22509
17237 21262 20867
12740 8184 22645
7430 20668 14644
12072 40856 44158
18259 15354 20067
20067 21268 22509
17623 17545 55864
7140 8688 3143
17991 19701 14380
9992 8220 22839
21712 18211 18489
24296 16144 30043
19826 18883 17167
17238 9428 25879
16144 30043 17734
968 20339 13661
22300 13181 29878
25617 10032 14132
20020 21334 13139
22578 12747 23242
16144 19701 17734
14350 16837 21890
16937 23243 23515
12765 12319 25100
8384 11586 20335
16525 22538 32583
43569 34923 26662
23242 23280 22553
91984 73951 51538
18685 22578 22621
31458 12146 26453
21574 25879 8421
13875 19031 18088
5992 26529 21250
15630 14561 12325
14189 17334 13172
21334 18447 13139
23949 20331 7981
18755 23304 19387
27239 26570 16178
20304 9285 18001
16144 8927 19701
9803 14533 20027
16032 81843 17134
82688 16776 224
11371 16939 34485
6764 21449 43533
12765 24124 12319
33175 17167 19054
17038 20513 16313
12286 17649 23000
9285 18001 20865
7430 7979 14644
12225 7430 7979
6464 24575 25897
5992 26529 35185
24284 25415 22938
12146 27422 25055
12319 25100 20560
18827 23007 27280
13063 23848 17202
9289 17210 21771
16776 91984 79672
11586 20335 27238
19661 18516 23518
26453 20067 25109
27763 25397 20162
18001 27353 20865
12612 20331 9622
5992 6092 35185
14562 17299 21227
17551 57 21245
24284 25415 13181
89860 18138 36447
32689 25878 32939
17485 17704 90308
18300 6579 21771
13245 17427 25872
10860 22793 9285
75876 58729 38111
24974 28725 16776
28916 24220 17139
51061 26370 28725
12146 21665 14350
2948 30332 19204
28725 63169 91984
26867 28924 13139
9081 34973 15216
32939 25712 35304
18516 27872 15688
26370 39618 38111
5992 16579 6092
21227 21741 14046
23884 18300 21771
18202 27238 20865
24575 30151 40408
26570 16178 3400
19661 34961 18668
24284 22300 13181
10032 16937 23515
26370 63169 19145
16776 224 79672
28827 24974 16776
50971 22740 23359
20867 13943 28389
22472 17954 12542
23243 34485 28598
15816 21425 23848
23000 20663 7884
23884 9289 21771
16525 10634 32583
21712 14054 18489
12072 28368 44158
36667 17687 8927
55692 55768 41685
26273 20003 20304
27238 20865 22998
7423 11371 34485
20331 15079 17314
968 23965 13661
21425 12230 23848
7485 12612 20331
18755 23212 19989
26453 23192 25109
18827 18685 27280
12020 17704 12232
22538 32583 11371
21334 26254 28438
20663 7884 7257
26842 11866 18300
21712 4748 14054
28976 27763 23006
13245 25872 16937
14189 17334 21616
23243 28368 28598
22839 15816 21425
12524 23949 20331
17545 4923 13691
18138 36447 34628
19938 28976 23006
12765 24124 15079
20020 26000 26591
26453 12319 23192
18332 72358 14748
31458 26453 14350
8460 22400 17116
14104 5982 13825
20020 21334 26254
43569 26662 30348
17688 23391 21449
18856 18300 6579
81843 17134 10182
31458 12146 14350
30399 30628 10552
12542 12200 19354
26367 23223 25142
19938 20926 28976
25957 82688 52051
20331 26570 17314
52051 224 67027
39098 20304 18001
21986 26867 28924
52569 9481 26356
21159 12020 17704
24220 22297 29174
28368 28598 44158
17649 23000 22116
27295 18258 15213
82688 52051 224
21670 33993 22998
21741 21039 14046
34044 40694 3897
17688 20238 17140
20020 26591 26254
25316 26273 20003
23280 12286 23000
17545 55864 4923
81843 10182 22578
19132 7249 23208
19204 20376 16144
17681 19476 11376
43533 25878 16825
28469 24858 23247
26838 28712 22740
19938 20926 23006
10353 21712 18211
21159 17485 17704
9479 20536 25316
19132 2048 23208
28924 18447 13139
33993 10714 22998
21262 20867 13943
13733 19627 28756
28889 18827 18060
17127 14583 20513
72358 14748 29316
18258 15213 23304
22138 23320 22578
24147 22479 20570
22297 29174 17334
27295 15360 20801
23007 27280 22621
18746 5992 13674
5992 13674 21250
20287 26367 22538
26446 10714 22998
15785 28827 24974
21721 7485 12612
18630 63701 28077
7884 18638 27946
22839 25442 21425
29174 14189 21616
43533 25878 19084
17954 17716 12542
17551 12542 9803
81843 22138 22578
21986 14429 28924
20926 28976 27763
17551 57 9803
9481 25103 18211
26288 21227 18444
23502 28924 18447
18943 21986 14429
23320 18685 22578
9481 25103 20039
9992 8220 14562
63169 19145 73951
15816 13063 23848
17688 20238 6764
50420 15847 89860
7485 12524 20331
18679 23198 28916
17688 21717 17140
26367 25142 16666
9144 18630 23542
8688 3143 16037
18258 18755 23304
23502 15029 13733
18191 18943 14725
14353 24220 22297
18191 18943 14429
6764 30554 20838
12542 19354 20027
22834 21262 19850
76376 36447 8184
8220 22839 15816
17716 16517 12542
16517 12542 21743
50420 14924 11879
50420 28874 34923
2948 19204 7302
13875 7971 18088
9481 20039 7973
19962 6464 17034
7926 4352 8384
19204 7302 36667
89791 22083 7813
22741 16837 16834
12146 25055 13843
20926 17988 27763
7302 23542 36667
16934 34048 17454
16837 21890 16834
17485 30922 90308
27353 20865 22998
18630 12740 63701
31944 11987 24575
7485 12524 24124
10122 17847 28815
4619 21717 17140
84386 38011 25617
22834 17817 19850
22740 23359 26118
22538 21582 7423
17988 27763 25397
21795 18332 41133
39098 30151 18001
21741 18259 15354
26838 50971 22740
8184 34628 63701
36667 16144 8927
14104 7140 30922
28725 16776 91984
14562 26288 21227
17688 21717 29792
21433 18650 7926
18516 15688 38011
50971 28874 4923
23198 14353 28916
21741 21039 90315
32564 30399 24644
10634 84386 13245
24858 25316 20003
34628 64488 10353
50971 55864 4923
20238 21433 18650
17237 22834 21262
26360 16825 21795
23542 15360 17687
21741 90315 15354
12146 26453 13843
31596 84386 38011
26453 32282 12319
28827 82688 16776
22538 21582 16666
9481 26356 7973
17649 22116 20513
26118 22793 21553
26453 14350 32282
18138 17697 15457
24174 22862 15074
22538 7423 11371
18638 27946 16037
26842 18416 18300
18630 7302 23542
30332 4748 18746
19145 38111 66305
27295 23542 15360
17485 12020 30922
89860 18138 17697
21670 27353 22998
63169 91984 73951
20926 17623 23006
22297 17334 25149
31313 22621 30065
23000 22116 17127
10122 85399 75876
17649 17038 20513
19204 36667 16144
19627 26842 28756
12747 23242 22553
42683 75876 76037
41133 79076 12723
13230 26118 22793
30399 10552 60522
23542 36667 17687
30332 19204 20376
21298 23198 14353
13230 28597 26118
26360 21795 18332
10634 13245 17427
33985 32564 82688
18258 18755 23212
23518 10634 84386
8220 15816 13063
20109 14457 20536
50420 15847 19093
3897 24979 20183
18668 8384 11586
10353 9481 18211
9081 12966 14621
15458 19360 17134
26370 19145 38111
23007 31313 22621
23101 13573 34044
9144 27295 23542
18638 12928 16037
12542 9803 20027
50420 19093 4923
26360 18332 15234
16385 9803 17725
13573 9479 21298
18258 17237 23212
9081 14621 17379
6764 43533 20838
30332 20376 18746
75876 76037 58729
23247 13230 28597
11879 15688 14761
18516 31596 38011
17725 19718 16016
14559 13612 14583
20706 4882 12740
19360 16032 17134
24858 23247 20003
43533 19084 19643
13825 12020 30922
14353 28916 24220
15458 21462 16032
9081 15216 24228
24147 22740 28597
20109 4619 21433
25397 18943 14725
43533 19643 20838
19643 22083 7813
32564 25957 52051
4882 18630 12740
12884 8688 16037
18827 18060 23007
20926 17988 84551
17623 23006 55864
34628 15457 10353
89791 32939 24174
24174 35304 22862
9285 28550 20865
41158 11345 42683
50420 28874 4923
26867 20020 13139
26842 28756 18416
10122 17847 39618
20536 31944 20518
18191 14725 14429
12884 12928 16037
22741 20365 24124
12884 8688 14583
23242 23280 23000
13245 10032 16937
84386 25617 10032
18679 28916 17139
34628 63701 28077
23247 17139 29131
22741 7485 24124
14559 8688 14583
20026 1474 22479
24979 20183 22138
15458 19360 16032
20706 76376 21603
18138 34628 15457
14725 17237 22834
14104 13825 30922
84386 13245 10032
19652 20162 20026
40694 15458 21462
18088 28889 18060
20880 14924 27872
26367 22538 16666
19309 26367 23223
28827 35304 82688
32564 60522 52051
14725 14429 22834
31313 14568 25045
26360 43533 16825
89791 22083 32939
21431 23518 10634
12747 22621 30065
19652 20026 1474
20706 17623 17545
35304 33985 82688
9081 24228 17379
29316 60522 52051
19476 12612 11376
24147 20570 28597
16934 17454 23000
34628 28077 64488
23007 13063 25045
9803 17725 16016
41158 41133 79076
21721 19476 12612
10122 39618 75876
22116 17127 20513
13875 14353 19031
25316 20518 26273
12747 22553 30065
41158 42683 79076
21553 30218 28550
18679 23247 17139
22479 20570 28597
27763 23006 19652
13733 28756 17817
18650 15234 4352
15458 19183 19309
20706 17545 21603
50420 89860 11879
7813 24174 15074
13573 21298 7971
12632 17334 25149
22740 28597 26118
20238 20109 14457
21433 19661 18668
20536 25316 20518
19183 20287 16525
18630 2948 28077
4619 19661 23518
16934 23242 23000
24220 29131 14189
4882 9144 18630
11879 17697 52569
30348 28550 20865
21433 7926 8384
32564 30399 60522
20518 24575 30151
12632 25149 26000
14924 43569 34923
55692 67027 41685
7813 19962 17034
19084 22083 32939
43569 11586 18202
18650 7926 4352
23007 31313 25045
25878 19084 32939
14924 11879 15688
13875 21298 7971
7813 15074 28881
26838 23006 19652
32939 24174 35304
14924 27872 15688
6764 14457 30554
18630 2948 7302
22164 21431 10634
50420 14924 34923
17140 29792 26360
41158 21795 41133
13136 12632 14189
34536 27295 18258
24220 29174 14189
19031 18088 22400
20238 20109 21433
17688 23391 29792
18060 23007 28493
72358 29316 55692
41133 12723 55692
23007 8220 13063
12632 20020 26000
27763 19652 20162
21433 18668 8384
22164 21717 21431
19643 7813 19962
20238 6764 14457
20026 26867 20020
86851 32689 15785
41158 28815 21795
26662 30218 28550
18088 18060 22400
40694 22164 19183
22793 9285 28550
13136 29131 28597
25617 26356 14132
22793 21553 28550
7813 17034 28881
11345 42683 75876
17140 26360 18650
25878 16825 21795
76376 12740 8184
13136 29131 14189
86851 25878 21795
23007 28493 14562
89860 11879 17697
29316 55692 52051
14761 25617 26356
15381 22164 21717
10122 41158 28815
17847 28815 24974
34536 9144 27295
14353 22297 8460
19183 16525 10634
91972 18827 18685
30554 20838 11987
22479 13136 28597
20880 18668 11586
23007 8220 14562
20880 43569 11586
18332 72358 55692
26662 30348 28550
26273 39098 30151
26838 50971 55864
21449 26360 43533
86851 28815 21795
20706 76376 12740
23247 29131 28597
23391 21449 26360
23391 29792 26360
13875 21298 14353
28815 15785 24974
11879 14761 52569
55692 52051 67027
40694 15458 19183
10122 85399 41158
22164 19183 10634
26360 18650 15234
14761 52569 26356
13573 24979 7971
40694 15381 22164
20109 9479 20536
86851 28815 15785
18332 41133 55692
13136 12632 20020
21717 21431 23518
17134 19309 23223
26838 23006 55864
14429 22834 17817
85399 41158 11345
19643 11987 6464
17988 84551 34536
20518 26273 30151
14429 15029 17817
85399 11345 75876
15029 13733 17817
15458 17134 19309
4619 21717 23518
34044 40694 15381
25397 14725 17237
19643 20838 11987
19643 19962 6464
23101 13573 20109
34044 15381 4619
25397 18258 17237
23101 34044 4619
13573 20109 9479
23101 20109 4619
17988 25397 18258
17988 34536 18258
7971 22138 91972
19031 8460 22400
18088 91972 18827
14353 19031 8460
24979 7971 22138
84551 4882 34536
14457 20536 31944
22479 13136 20020
7971 18088 91972
20026 22479 20020
4882 34536 9144
30554 31944 11987
14457 30554 31944
