60560
58136
62723
56230
53526
62627
51964
58514
53627
59441
57674
47195
49576
48281
54481
59884
55818
59891
64571
54622
59483
58917
60232
60517
48780
59881
54967
56076
49339
54632
51353
54154
58527
66620
54577
47688
51314
54667
50686
59543
60536
55261
59900
50442
58314
58716
58060
50321
51077
51582
65732
59719
53045
53126
55272
62677
67396
60623
48313
55223
48122
66527
50729
58543
49210
52944
57461
50243
51434
65967
60022
60586
49135
48783
53385
59909
57122
54248
52346
57091
59988
52350
53710
47759
50817
53271
54720
60180
57970
58841
60646
52569
59984
51660
103159
59459
56235
50451
53080
58275
56782
50309
47942
44226
57955
51238
50147
48454
53159
59982
53016
50161
59853
56860
47811
52631
55220
58857
50516
52868
53081
51778
48753
55679
58877
58332
48968
56427
58270
51541
59111
53698
53728
60358
51293
48928
54067
52646
55739
53525
49648
60436
53523
54229
57334
51584
46464
49342
53558
60239
54399
55122
54236
55255
52210
56759
42970
55977
59471
42282
48714
49464
57922
60642
57209
54578
57994
56660
59752
58430
55247
51856
49240
58873
57472
56699
54211
49290
55059
52454
58869
57942
58878
47333
47902
53963
50416
50165
57954
48963
52285
59349
52321
52694
42737
51771
48262
41545
60651
60011
51420
50170
49948
57912
51518
55142
54410
58632
49123
51447
58973
50172
49986
56096
57836
49256
60475
52025
50145
50073
50562
47965
47337
51366
52252
57753
50778
56703
49488
51772
45222
50748
43550
42834
53349
53537
55367
44967
49604
60147
58715
50120
41049
57984
53139
41534
45302
50447
53830
51735
57235
46118
51082
43289
51777
48227
49035
58633
54813
48251
53632
60674
44371
58654
54882
46304
51488
57989
40984
49560
58188
47896
45590
42460
48368
54203
48442
55545
46310
52638
48098
45177
44837
48573
49833
53501
47904
51712
50849
53583
52201
41298
43887
41437
49397
49429
46722
43159
53922
44171
53849
45523
40656
46270
40951
47827
47475
51817
44451
44770
48422
49427
45298
49022
47817
47819
45295
41670
42530
48380
47494
51722
47762
47766
51180
40597
48531
50350
51200
53394
47022
46737
52239
52997
49380
51162
40840
49918
43674
47026
41160
46191
43346
46625
47643
45543
46449
53851
43986
45950
34959
49176
51170
46004
38883
40481
49578
43601
49567
37023
38703
52653
43807
35539
43378
44357
50628
34797
45948
42789
51169
46407
38253
40997
43427
39480
35833
47794
44663
44988
48740
38480
51839
42746
43945
44089
51011
51226
47093
36807
44780
44844
43450
45015
41798
35215
36668
45846
38424
42742
47585
49878
42521
37461
45540
41968
46665
36764
34463
46589
35793
41468
104737
39207
42137
45094
42841
53930
39561
37543
39629
42140
35158
36695
46984
44053
38698
36675
38213
45212
38175
39061
37384
36759
38811
42930
47102
34445
34008
37810
35746
46398
49201
36728
43096
46540
41188
41013
40226
36809
37934
46553
47141
39114
39587
39228
44348
45380
33856
47142
46515
37183
37999
45866
35926
40805
35803
44972
37793
37553
45373
34772
44786
52431
41252
41214
40000
34801
35804
40244
46422
35799
44916
41720
39136
41265
37789
35740
34422
39354
46385
38244
40907
46637
38876
36602
45399
40583
45657
38393
39417
35059
38392
44619
42493
42602
41860
44446
34501
45483
34871
32037
40082
38756
35729
34969
44567
44570
33834
46232
46933
45352
30456
38156
44578
40716
40556
42492
40832
42090
41862
37517
41703
40582
38289
44467
36723
44045
38874
45392
43965
43954
42614
42183
42187
37358
43964
45467
41382
35145
46703
35930
41267
37604
40129
36517
37599
41754
42455
41991
46776
40571
35004
34650
37722
37669
45470
38190
39413
46151
34937
35064
44483
31572
40045
27296
35829
46883
38794
37845
34685
40561
38573
38901
28617
40256
30125
37093
33134
37335
30852
38259
37554
43220
40124
35127
40799
39573
42640
37464
35394
38902
42076
40067
36711
36103
40265
40937
32608
43955
36576
36498
34481
37882
39558
31840
47067
39382
36004
40562
46101
39927
45489
45622
32141
44484
30066
43869
32437
37362
37921
38037
37081
36691
37228
37294
28910
40049
36624
34757
28285
37334
38691
37546
36708
29350
28938
36973
32738
47015
30494
46573
40829
42356
38799
35832
46996
34987
33430
37489
28447
37247
41178
34426
40300
35216
45208
40293
38216
40069
94005
90600
85827
37012
88192
89480
34622
92133
98492
99304
92292
95617
106164
98435
97405
91960
95206
88590
98542
90239
92139
89789
94168
95630
99664
98345
90286
97859
91510
95038
92023
93562
88334
88730
88441
99316
87995
93737
93469
93960
96799
100941
90863
100882
94131
100315
92584
86323
91048
91491
88866
36205
88330
88414
93393
39539
88260
88572
91669
92167
88816
85082
94266
99846
96922
92073
90921
92679
99633
95071
90851
98079
98721
94028
89781
93865
91620
93233
99949
89911
93422
92104
88628
90816
89946
91919
94180
89497
99961
91142
92703
93465
93672
88181
90892
92395
96113
88493
95166
96924
87859
91293
90321
92036
88283
92319
92940
88995
88021
98555
96429
100397
89349
99288
98514
91113
92129
90623
96020
96124
100600
88686
96550
101036
93975
93977
88258
100817
97244
99338
100049
96705
94681
92686
99608
100119
100118
100668
100917
99295
91375
93818
94968
99855
95497
100619
88651
89107
98374
94152
97665
100588
96144
97145
87863
91014
94392
98394
98406
95720
90718
90235
96114
92225
88391
98934
93821
88041
96012
95618
90519
94343
95178
87748
98656
96938
92804
100953
98288
93509
90525
93749
91567
98205
94270
89940
91139
86883
90560
91797
88693
86647
91230
91164
82846
93183
84945
90507
99033
99412
91629
93673
85674
93306
83286
100101
87337
86898
94050
90830
85589
93432
88164
96290
84939
84655
87382
99101
93769
93253
83508
97828
85725
96774
85889
90433
88849
81350
90386
92479
30108
97834
89347
95881
101128
83093
88062
93631
93018
85292
93429
93715
96387
88982
89982
90432
91405
87118
85297
85741
83200
89334
99108
91856
94782
88703
83576
89348
86962
86338
86881
88863
98798
96561
86655
94452
87887
91804
89589
90678
93835
82003
94728
88938
84546
89632
90369
90807
93381
82801
83969
94369
88374
92204
93694
85370
85502
83630
86157
93187
85516
88430
84527
84791
81469
86457
90791
85606
92956
89398
88293
90411
90218
83366
81448
86944
85701
83207
88705
99422
92532
88562
86452
84844
86709
86933
85190
83196
86939
80979
91796
85331
83959
85366
91322
83995
82143
81988
89178
86672
88101
83796
84378
83028
89370
87527
94128
92593
94083
93655
86204
25286
94293
91675
94307
84371
94127
94071
81309
93758
86304
87123
92864
76434
86659
77999
94082
83917
93924
86331
82664
87696
89462
92050
92037
93661
84054
91447
87719
92339
86174
90650
91909
81177
93868
88771
90880
92691
88641
92357
91427
87474
93058
77535
91615
82966
83878
82833
89628
85001
92342
88852
86031
85162
76678
78015
85962
90349
84779
86446
90257
77093
89800
81675
87121
86893
82844
86856
92670
84541
84397
76104
85055
87545
91080
76057
87745
91455
87247
86400
87912
75249
81800
86564
86852
87308
82245
75509
85116
82040
82420
79436
82376
79465
75046
85770
83044
78555
78999
81920
76217
92705
83633
86690
91902
78197
77913
80000
79495
84124
76380
83653
90032
83106
77443
82107
92359
86276
87026
74358
77800
80064
78088
83192
81136
82240
83240
80403
75542
78980
83844
77303
77697
86657
92921
77774
81322
77537
77686
84654
83256
84700
84702
81411
76270
85068
75136
86639
84090
75831
77267
82158
83541
81794
75727
81930
84049
76072
77706
86445
91077
74501
78628
81640
85929
79903
77419
75821
83203
74739
87213
86559
83750
74835
80634
78205
74691
78760
87444
79591
85201
26739
79237
87176
87430
82797
85374
89210
82609
83275
87913
87211
76937
83543
76415
75763
92709
86366
85422
83107
82201
80432
74336
81116
76047
79980
79504
78170
79637
81617
87632
79603
78161
78480
80571
82440
75661
79474
74537
78032
75087
69250
75511
86368
75083
76432
75457
67523
85329
86371
79005
87362
79178
82013
85888
75455
75167
82097
81220
81231
85070
84147
86124
80668
81333
85457
84890
85771
84181
73172
86963
85870
79901
86707
82027
84060
87104
83090
87177
84872
83307
83628
79007
74550
87463
84818
78108
87402
76091
78415
77056
76238
80847
85172
77530
77384
79701
77140
81360
80970
85637
83501
74409
69201
79771
86705
77683
74473
69936
79220
77858
78707
85549
75123
83681
78037
76916
77076
82450
72593
78362
76456
80786
68737
75340
77900
69802
73190
72889
76044
73853
79441
71963
68017
80458
80117
77242
77517
79459
80355
79143
73414
70478
80566
80415
70733
76576
74380
75073
70543
79709
79028
75634
75495
72723
79937
75178
67947
70204
68767
70884
80162
72917
78368
74803
75847
78804
68686
79059
69716
80600
78372
75219
82509
77677
80071
70092
76017
74493
73339
78684
69597
75864
67704
70194
69442
76279
75672
74357
75130
73565
78320
74941
78561
72558
74403
79539
80351
82468
78717
76182
67895
70280
73830
76885
77822
79553
74881
79648
70532
72973
71464
75914
67985
69647
73156
76055
76068
74723
70977
67949
75620
74970
69416
75409
86535
75333
75998
80421
76772
80225
70677
74492
80889
73306
73154
79882
78181
72094
73165
69858
67566
73594
69524
78970
72269
75119
68682
73250
69723
77669
69513
69882
69790
74227
77576
79735
72075
71937
69039
72824
71139
72369
73690
76992
78952
67594
70877
72924
80472
72226
70127
74097
70893
75924
72495
76518
72209
74344
77752
80160
74969
79169
67659
78958
69305
70288
80074
80817
74402
76517
73238
70915
71345
69540
70686
80813
67507
79193
72507
70870
71491
78510
67795
78280
72233
72466
73749
77671
71282
69040
76479
74977
69640
75897
70348
72619
68856
70887
76071
72756
75162
74577
77850
80258
80643
79261
21930
78288
62508
66430
80816
75704
79122
74542
77590
68715
78038
70672
79697
64856
76718
72718
80362
79691
75794
72845
68581
70321
79102
76583
62950
76699
77321
69180
72650
77672
74292
72265
73990
80651
74166
77168
74242
78855
78064
77166
76749
74649
72970
69266
76505
69654
74618
5836
68240
68170
69019
68852
75707
68577
72672
67693
71366
74253
70338
74224
70480
75491
72727
70214
77355
78127
76117
79688
70417
76067
72751
77495
21619
64517
72509
67656
60869
62157
62648
67586
78850
74045
63206
70978
68645
69648
60679
80282
66448
70599
70775
70569
75310
74886
73716
72401
71325
74001
75593
62507
68316
74553
73359
76846
69489
71632
73575
68936
72692
72553
73023
64002
72508
65952
73557
66175
64142
73294
73384
65515
68061
65071
71626
62974
67670
74025
69010
66736
67740
73338
68755
72026
63799
63109
60874
67806
71179
72409
65451
62367
66597
61609
71942
67059
67661
71578
61219
69363
68930
72284
62700
74429
62274
80866
68712
71198
66416
73719
70122
62304
79225
76152
61767
63538
65793
73393
73774
61157
19640
79190
62347
74002
77593
62243
67722
67574
69124
63103
66053
63904
69253
72323
67930
61623
68031
73210
70591
66423
79196
71636
73288
61351
71895
73657
70572
71583
65018
63935
74147
62337
65388
67297
69799
74110
66085
68417
62297
80881
70582
74116
65728
62198
71875
68922
68560
67713
64503
65982
74076
66130
67551
64126
65351
65661
62087
19802
71768
67228
63735
73200
69471
73920
73901
68485
72884
65340
62948
72380
73236
62720
60802
71478
66076
63595
69058
63502
68752
71486
67761
68974
67511
63551
63900
67363
61066
70828
71201
73909
57309
60895
67248
64037
65523
70737
65531
71488
63886
61697
72832
70229
71757
73642
65350
62912
72363
63470
60821
66572
63557
54805
71444
66705
62816
55253
68004
72444
66526
65934
64171
62972
56994
55878
73133
64553
57034
71251
61059
68904
62127
68427
67797
61955
69755
69744
73002
69633
72033
62780
69385
66176
73495
74152
56452
64763
73229
72816
58479
68550
71831
68885
56867
55011
61146
62118
59081
67552
61021
72254
72112
68915
64557
61329
54533
73631
72879
71732
55522
62926
64344
70125
63763
66824
73266
68912
61711
55600
63771
62987
63311
54468
54631
61001
62705
61581
59994
59913
59370
62366
65077
65880
55035
60317
72695
63541
61185
58320
66651
67032
63322
63710
59051
67204
56617
56144
63230
54465
62578
57979
64336
62430
63823
64712
56374
55425
56029
61031
65988
58702
55348
55595
66333
63708
63524
62977
66047
61008
67368
57936
58646
65271
63840
60809
60267
63968
55175
57859
60555
60184
58749
60027
66605
67172
59129
59022
56156
57879
64796
56834
67334
67178
56611
59240
56390
58982
57798
54311
54312
65883
59230
62719
61743
55852
60961
57805
67159
56206
66609
64106
62220
66262
65615
66494
60678
65580
61019
63081
64684
65620
54975
62010
60800
62232
56525
56760
64746
62838
60621
64592
65411
60111
57794
62098
56190
60851
61333
60955
59830
51047
64242
66793
58304
58606
57685
64086
65900
56074
62832
57883
106688
61262
60560
