62029
55058
9115
2299
47297
6175
54776
65629
50225
60856
5110
6168
2257
64804
13404
74139
9587
59991
103646
13356
12544
2415
101327
102703
48981
6224
9460
106813
10588
58341
62413
5324
981
101246
5876
104226
50717
51281
3354
11389
60181
57533
3114
5161
66408
57418
8904
60849
4396
104042
52573
59865
5896
6006
388
64725
104100
64095
54629
8467
103657
3117
59638
66614
54783
50173
8345
103738
64229
60309
60030
13062
3716
13394
103403
121
105842
106190
7693
441
61303
7866
6291
2406
10515
48871
4174
11407
56362
59466
10810
5074
58394
62589
5872
4831
6024
60272
2894
106285
3756
60720
47522
62029
