51351
100923
44005
91394
98254
90841
34708
24417
98041
37270
87066
99923
41324
51440
39581
44342
48245
96436
37588
44151
45129
35836
39952
42437
45084
41417
102606
5969
103754
35442
44947
96373
40605
42960
34477
105612
43518
44648
96335
51922
44350
45276
41925
102613
41246
44944
41388
40603
42945
94994
51970
43753
89840
85473
43030
29989
100664
46426
36592
29880
44318
103202
99200
102615
42711
48060
93943
40563
41696
94181
41803
97351
44033
42399
43266
46262
45337
89357
38952
47013
40611
41121
95057
41605
44105
100657
93407
48670
47123
105627
83925
98584
34484
86582
95069
36731
43889
39030
89231
96610
49796
44693
46253
91441
41131
94393
89378
38031
40100
41411
95353
87794
46721
51117
40065
90667
92826
98880
36203
49437
106068
91599
103481
45264
45453
42500
95067
94036
89364
95851
87891
46715
105322
5027
36074
91851
31958
33858
51386
95182
32646
48350
95347
50903
41800
35724
49759
41456
89927
37645
35699
35295
96752
43750
95850
34368
44150
91967
42272
52583
93517
41403
41119
43174
92600
97941
36905
95055
51351
