14918
13516
21707
14883
14322
12890
16233
21366
21412
18033
13308
21437
8679
12865
14198
23746
20216
14783
23690
20095
13881
13600
20557
17901
22221
14676
23203
13506
22312
18028
17215
17357
22827
13514
23785
12055
6098
13621
18900
16356
17229
12908
15645
22409
15121
12199
12078
12653
21409
17628
21430
14280
22866
9088
18276
16442
16894
14277
17784
15786
16361
15122
20496
17206
22170
19848
8668
23572
21681
15239
13429
17449
22021
16567
17253
13924
8103
16884
8112
18165
13270
10044
13005
91492
5428
17774
23507
14945
13719
8096
9921
10165
20456
17650
20371
17533
17255
19122
22092
13409
17430
15702
12679
7764
15137
15034
8698
13944
6736
14781
14379
9680
17728
13896
11271
17239
17500
11225
9289
15716
14513
13398
5642
11728
16171
12891
10098
7851
16822
13571
16043
17577
12714
17035
14980
15726
11940
8410
16905
9453
10476
15723
4186
17549
15903
12950
15945
13236
14093
4118
14006
11881
9071
6102
16063
9482
17270
9005
467
9275
2618
16212
3598
8319
12146
2843
9984
11691
85730
7935
7878
7647
8920
17380
6060
7261
84849
2772
11304
3292
3892
16623
8716
8049
9985
10217
10079
10337
11869
405
1243
6547
2460
3291
2928
6307
11870
3712
9603
1076
7876
7986
15917
86584
12066
324
6541
5994
5748
2277
90413
5324
2777
1081
90830
6936
11229
4728
749
92076
10021
7095
294
11199
11459
5762
1051
762
144
5493
2003
2303
91936
3521
90718
1599
5475
2512
2551
5919
5122
11914
3836
4414
91135
82481
579
2335
4015
889
5423
5375
883
1821
6715
7542
10772
2658
1
42915
6496
7092
47002
9066
14735
10292
558
82571
11805
760
6704
10662
2268
6561
8986
11804
9313
45336
66123
50431
9950
1439
51373
37881
26154
51776
10417
4977
45071
54773
49275
45519
43149
93699
69208
35965
46639
32112
48105
46426
45523
43140
72081
79716
16618
9060
17160
15248
91853
18201
46143
67827
79464
48048
12201
19513
41836
82805
19402
45074
9056
71610
14603
50017
78122
12617
15480
22837
42726
19049
74000
15301
74883
52951
18750
25363
70788
24429
23524
20564
73431
87477
81024
27325
80875
60605
79148
14723
80524
80544
87011
81908
82461
78238
79449
78794
81019
81588
82333
76771
79262
77385
75582
82707
72910
78745
81287
81335
77961
81175
80956
80891
79770
67666
77883
75763
82681
82460
78721
76763
78091
77657
81755
76654
79482
83103
68809
78488
70310
74752
80110
78429
71717
67553
82573
73614
80192
78379
74479
67809
74932
82532
82637
66279
71704
70488
79193
73028
67443
76098
68220
72636
82918
73406
69523
68025
81514
78255
72663
72491
75027
76998
72753
75334
74805
76864
77745
79442
68381
79631
77361
75368
82465
72109
78598
75217
76881
77436
65181
71523
74565
68856
71234
77174
68867
73151
77151
75400
72037
77443
72904
71989
61611
77371
65977
69067
71855
74959
63908
68113
74494
77156
65053
77157
77162
69086
75264
71162
75871
13687
76865
68085
71946
77280
76397
66892
57815
60397
75792
66242
76767
68885
22838
69861
68167
74995
73242
71552
60677
61910
69173
69369
69048
61509
68914
21956
66612
63408
68779
62307
62417
19101
71075
68098
66896
70268
74691
67246
16078
61102
73531
67735
16386
63768
59614
20262
13375
61400
59832
74909
17468
22733
72855
68425
22546
17543
64050
66071
61010
12523
59737
13852
74148
16496
17490
20078
20854
62425
21115
14767
22364
12161
12351
64125
17981
61874
17432
12904
21974
14278
27951
14167
18183
20307
12293
13383
25323
17658
13824
13842
13228
15956
22105
13598
27229
18578
19190
17107
28682
23846
21887
19978
17733
13402
12198
17129
9081
28836
19866
15153
17547
13117
17319
13665
17740
18520
13422
22267
19348
28912
15444
16866
23726
16873
21327
20975
19373
23319
18300
27894
20220
23716
29061
18207
20737
20315
20902
27767
21183
18771
15808
12004
22383
20746
22527
29397
20970
18193
22411
23164
29789
21643
27348
18647
29647
21658
18643
15126
19350
15002
17139
18411
15270
14918
