2738
94928
90989
95122
90256
5553
3556
90344
2410
94688
90357
2449
93083
92127
93115
2037
2451
90522
637
85679
94612
85136
92904
4174
256
168
1138
3144
4320
90606
4635
2540
4172
10137
85756
1131
274
90598
899
94046
338
5202
5908
10456
5231
5510
5337
99
92271
2553
4129
3782
2091
1140
2722
95110
300
6728
9964
2046
4537
5490
1837
951
10208
11199
11459
5762
1051
762
144
5493
2003
2303
91936
3521
90718
1599
5475
2512
2551
5919
5122
11914
3836
4414
91135
82481
579
2335
4015
889
5423
5375
883
1821
6715
7542
10772
2658
1
42915
6496
7092
47002
9066
14735
10292
558
82571
11805
760
6704
10662
2268
6561
8986
11804
9313
45336
66123
50431
9950
71626
38234
18059
12220
14673
57276
6705
62110
13490
8086
13421
40522
87151
8755
11682
15579
12855
11024
9076
10069
86602
74595
9168
15328
68922
12030
6516
7309
7476
16999
13609
15076
78278
13444
11962
12229
1399
31219
6348
16550
10858
66303
15563
80843
8532
8707
11074
68474
6297
64425
43622
13880
67734
11090
36581
27466
15499
17826
12700
34609
25770
7151
85457
7298
14486
9718
9798
12968
10965
7168
9431
18547
16696
84064
24546
18748
77895
84208
25400
24841
20136
82210
13910
15641
12200
16797
16804
20849
82773
14292
80864
15545
30555
25395
27100
25656
49548
25220
87631
26239
25708
26562
20653
91594
28290
84855
23477
88966
91563
24182
85474
29029
91258
89849
93000
28032
35141
30140
29000
94558
90806
3893
1862
33362
31791
1886
11626
34348
27904
18370
29801
35476
30714
2660
33732
20885
32180
40488
33715
3017
28293
2881
32259
25438
41199
34408
42291
37333
31927
34263
36772
29992
34234
40711
30176
36963
40104
30990
37080
36225
29087
35976
33564
39480
36680
37417
39624
40689
39358
40078
37749
38138
38818
40329
40755
40273
41177
36672
40554
47157
40532
43233
46803
36669
38407
39820
37743
40306
44229
41904
37885
36958
47285
46062
40150
46724
36532
40985
46036
47177
47317
46481
44280
46331
44390
42304
42839
44796
83608
45734
40224
42277
43745
42095
46378
46079
45662
45338
44961
40570
39756
51332
44219
37254
50493
46221
35065
43772
45777
47561
42026
50483
47576
53479
42042
46861
42833
45650
40041
44654
39268
44521
37075
49682
48233
44508
42831
52742
42168
44054
47249
46341
48487
47128
32511
39744
42801
43238
47585
47190
42425
45142
38153
46484
42302
49693
43859
46847
52947
44859
44677
48713
38803
45230
46140
45389
43147
45923
40999
46848
40171
38764
40168
44675
37687
41042
48178
46941
38329
89753
44963
84674
35930
81400
38875
88135
90600
38889
39600
36207
81711
84322
41552
87189
93805
88701
38529
95023
39666
94201
80253
84398
87735
39208
85108
36371
87208
92729
33695
89326
40410
93385
84649
86644
87786
82092
87526
80670
84412
34825
85544
86163
86611
86697
88134
86098
86160
88711
85987
87895
83921
94993
86498
89731
83502
88367
94512
84797
90095
88952
87711
3398
93053
87832
93176
1252
87136
91474
84809
93665
88719
90677
87010
86385
84195
92423
90421
95021
90321
92946
89158
94694
87277
3827
3509
4250
254
203
2738
