2738
94928
90989
95122
90256
5553
3556
90344
2410
94688
90357
2449
93083
92127
93115
2037
2451
90522
637
85679
94612
85136
92904
4174
256
168
1138
3144
4320
90606
4635
2540
4172
10137
85756
1131
274
90598
899
94046
338
5202
5908
10456
5231
5510
5337
99
92271
2553
4129
3782
2091
1140
2722
95110
300
6728
9964
2046
4537
5490
1837
951
10208
11199
11459
5762
1051
762
144
5493
2003
2303
91936
3521
90718
1599
5475
2512
2551
5919
5122
11914
3836
4414
91135
82481
579
2335
4015
889
5423
5375
883
1821
6715
7542
10772
2658
1
42915
6496
7092
47002
9066
14735
10292
558
82571
11805
760
6704
10662
2268
6561
8986
11804
9313
45336
66123
50431
9950
71626
38234
18059
12220
14673
57276
6705
62110
13490
8086
13421
40522
87151
8755
11682
15579
12855
11024
9076
10069
86602
74595
9168
15328
68922
12030
6516
7309
7476
16999
13609
15076
78278
13444
11962
12229
1399
31219
6348
16550
10858
66303
15563
80843
8532
8707
11074
68474
6297
64425
43622
13880
67734
11090
36581
27466
15499
17826
12700
34609
25770
7151
85457
7298
14486
9718
9798
12968
10965
7168
9431
18547
16696
84064
14625
17943
15988
14186
21482
19187
67419
12790
14084
14086
20518
15120
16066
16081
11195
23557
17458
11933
32229
20072
49343
24599
33467
40962
59930
31318
59775
60559
56472
60345
64177
3389
64124
60294
60997
22670
26129
59761
39430
31167
65717
63746
62311
35077
32160
62515
59744
59599
64048
62468
62828
61955
51370
63063
60620
60966
63188
41352
59256
3106
63305
61536
64461
64399
63689
64470
50675
71261
65530
70708
59591
60189
61825
64805
61864
55404
64587
60755
55562
67022
56343
69137
63180
64034
65009
65736
63162
55771
71480
60456
63057
69459
61576
61836
61092
62038
64205
67253
60364
60533
60670
61065
64423
61575
63003
60353
58403
58716
62034
65300
62476
61263
60560
59885
61391
65516
60416
69214
65500
56148
55055
61317
64469
60150
56703
64167
60258
60550
61900
60197
61608
62507
56171
59327
57420
60837
58370
60763
64933
51529
56822
54371
58023
54538
57955
60557
64387
56610
62979
55220
57353
57755
62462
63835
60607
53265
63911
53843
60923
57170
63043
57356
60754
60614
58734
56856
59688
61757
53137
54617
55591
56522
58264
65139
57563
58252
61553
53847
56129
59982
59182
54569
61609
59101
61568
53960
59495
53955
54944
57391
59352
55581
54704
55861
57569
58499
52346
60832
65391
57398
54542
55840
55583
55710
54632
55311
54711
54287
58301
59029
59277
56866
51750
85350
51940
50993
55433
52147
56591
48778
50914
58197
54105
58209
59569
57649
57355
55487
56983
59486
58157
49951
52963
56804
52667
55416
43737
53232
53744
57185
58387
48305
52393
59178
50750
58429
53369
56220
58675
49344
54212
50882
51254
58875
55602
48887
54335
50745
47897
57135
58837
55109
59283
55824
54597
54599
51209
52437
58741
57877
53981
54648
59181
51725
48118
51988
54192
52776
49655
50981
49537
50693
43357
52190
52988
50289
52578
51100
94965
54187
50551
52143
53412
49817
49273
51052
57626
52853
41794
57611
47885
48461
59074
55712
44469
53421
53429
57610
43721
49374
51527
55647
44615
49363
49672
55960
50177
57599
45396
48449
50663
58472
47685
47673
50003
53135
49493
42511
54908
52639
49868
43338
43642
3212
52603
46429
51069
93127
43263
42093
383
43435
44377
44499
43562
92919
45868
91309
86842
92646
93961
91949
2861
88959
95130
44361
50321
90013
5143
84249
87240
92602
95257
94426
89673
91848
50853
87132
44309
88153
36069
42459
89786
91121
91188
4711
90916
47189
95225
5276
91078
40914
48896
47241
88203
95175
48970
44369
36675
85454
90653
91248
86077
688
87555
43929
88452
92248
45577
84672
85918
87600
37443
83446
47313
38232
38964
46719
85936
83799
94785
41428
46117
88935
87264
95313
86650
39910
40785
94800
38541
88461
41803
85115
40471
36474
88093
94308
86651
38742
36147
80065
87460
36495
87663
38641
40851
43532
37477
34152
95173
47759
40328
40639
55833
40382
37517
40924
38354
40618
86343
53334
44895
80264
84958
87063
88197
38343
72890
32606
34956
82952
94220
89217
85483
47379
81790
80972
37873
38606
6143
71696
47359
88343
44185
76924
86273
41231
79526
40081
43853
80144
41637
37532
41550
45943
35909
82491
37314
38745
34827
37998
35845
80035
43908
39177
39390
31337
77812
38728
32683
29794
44408
26313
79863
36437
80586
32408
39591
39550
36243
34354
82315
41575
32778
80235
32118
30320
83259
39391
35399
41596
35826
43187
80730
31284
37912
38638
35426
34113
31874
34038
35412
30118
32947
36590
40075
40055
73155
45762
41684
37755
32814
39240
32333
36807
40651
40017
39180
38944
38518
41621
30108
36456
42477
38269
38301
39517
38302
37551
41411
32633
39686
35689
45513
34571
35400
47339
38619
42740
41372
33514
43026
35820
39611
37735
36647
42275
37657
39855
39075
37943
34869
37280
42066
33583
38485
40390
39059
41347
41078
38280
41909
45853
41066
39809
39621
45533
43188
40508
42107
40543
36971
44588
47137
47254
40949
30997
37121
36991
46598
43221
38204
38447
42784
41738
45260
31236
46361
46284
46871
44159
47032
41475
36906
46053
42626
46911
43448
47652
45733
46924
41150
41943
39226
47658
42676
47426
43020
39058
42001
45029
45989
42686
44052
46788
42677
46623
47614
42788
39834
43626
49652
44705
37337
46707
42609
40203
43653
47128
32511
39744
42801
43238
47585
47190
42425
45142
38153
46484
42302
49693
43859
46847
52947
44859
44677
48713
38803
45230
46140
45389
43147
45923
40999
46848
40171
38764
40168
44675
37687
41042
48178
46941
38329
89753
44963
84674
35930
81400
38875
88135
90600
38889
39600
36207
81711
84322
41552
87189
93805
88701
38529
95023
39666
94201
80253
84398
87735
39208
85108
36371
87208
92729
33695
89326
40410
93385
84649
86644
87786
82092
87526
80670
84412
34825
85544
86163
86611
86697
88134
86098
86160
88711
85987
87895
83921
94993
86498
89731
83502
88367
94512
84797
90095
88952
87711
3398
93053
87832
93176
1252
87136
91474
84809
93665
88719
90677
87010
86385
84195
92423
90421
95021
90321
92946
89158
94694
87277
3827
3509
4250
254
203
2738
