72942
85865
81167
78232
83767
84125
88318
85933
74874
89275
84392
85884
84332
85758
87120
78612
89288
84494
86844
82556
83656
85630
87359
86674
84058
80691
84051
87658
93359
89279
88614
79859
83532
94455
89269
93502
84300
86948
83738
88399
84363
94503
89480
95226
94206
86189
88742
89140
86395
94942
92926
89402
84139
85873
92884
86733
93196
92879
87051
93701
84142
89573
83548
95318
93591
95245
84149
84134
92108
89144
88110
86382
89026
93369
79208
78130
81637
85944
90857
82402
94521
2215
92804
94598
40019
94764
87017
86719
93749
84132
78031
90983
86730
87893
91845
94461
92525
90963
86437
95231
92867
87841
95030
91840
92254
84708
93619
84141
79721
89719
93542
89529
91726
86946
93533
85761
94535
92297
91407
89771
88807
94374
93690
93441
90497
95246
83887
92731
92412
88518
95283
2833
85161
91924
86649
84317
4179
90269
92466
90311
91672
92632
89700
85262
94969
91565
93740
95041
93104
93888
2177
5584
94379
1739
92806
95126
89013
92329
89938
2449
93083
92127
93115
2037
2451
90522
637
85679
94612
85136
92904
4174
256
168
1138
3144
4320
90606
4635
2540
4172
10137
85756
1131
274
90598
899
94046
338
5202
5908
10456
5231
5510
5337
99
92271
2553
4129
3782
2091
1140
2722
95110
300
6728
9964
2046
4537
5490
1837
951
10208
11199
294
7095
10021
92076
749
4728
11229
6936
90830
1081
2777
5324
90413
2277
5748
5994
6541
324
12066
86584
15917
7986
7876
1076
9603
3712
11870
6307
2928
3291
2460
6547
1243
405
11869
10337
10079
10217
9985
8049
8716
16623
3892
3292
11304
2772
84849
7261
6060
17380
8920
7647
7878
7935
85730
11691
9984
2843
12146
8319
3598
16212
2618
9275
467
9005
17270
9482
16063
6102
9071
11881
14006
4118
14093
13236
15945
12950
15903
17549
4186
15723
10476
9453
16905
8410
11940
15726
14980
17035
12714
17577
16043
13571
16822
7851
10098
12891
16171
11728
5642
13398
14513
15716
9289
11225
17500
17239
11271
13896
17728
9680
14379
14781
6736
13944
8698
15034
15137
7764
12679
15702
17430
13409
22092
19122
17255
17533
20371
17650
20456
10165
9921
8096
13719
14945
23507
17774
5428
91492
13005
10044
13270
18165
8112
16884
8103
13924
17253
16567
22021
17449
13429
15239
21681
23572
8668
19848
22170
17206
20496
15122
16361
15786
17784
14277
16894
16442
18276
9088
22866
14280
21430
17628
21409
12653
12078
12199
15121
22409
15645
12908
17229
16356
18900
13621
6098
12055
23785
13514
22827
17357
17215
18028
22312
13506
23203
14676
22221
17901
20557
13600
13881
20095
23690
14783
20216
23746
14198
12865
8679
21437
13308
18033
21412
21366
16233
12890
14322
14883
21707
13516
14918
15270
18411
17139
15002
19350
15126
18643
21658
29647
18647
27348
21643
29789
23164
22411
18193
20970
29397
22527
20746
22383
12004
15808
18771
21183
27767
20902
20315
20737
18207
29061
23716
20220
27894
18300
23319
19373
20975
21327
16873
23726
16866
15444
28912
19348
22267
13422
18520
17740
13665
17319
13117
17547
15153
19866
28836
9081
17129
12198
13402
17733
19978
21887
23846
28682
17107
19190
18578
27229
13598
22105
15956
13228
13842
13824
17658
25323
13383
12293
20307
18183
14167
27951
14278
21974
12904
17432
61874
17981
64125
12351
12161
22364
14767
21115
62425
20854
20078
17490
16496
74148
13852
59737
12523
61010
66071
64050
17543
22546
68425
72855
22733
17468
74909
59832
61400
13375
20262
59614
63768
16386
67735
73531
61102
16078
67246
74691
70268
66896
68098
71075
19101
62417
62307
68779
63408
66612
21956
68914
61509
69048
69369
69173
61910
60677
71552
73242
74995
68167
69861
22838
68885
76767
66242
75792
60397
57815
66892
76397
77280
71946
68085
76865
13687
75871
71162
75264
69086
77162
77157
65053
77156
74494
68113
63908
74959
71855
69067
65977
77371
61611
71989
72904
77443
72037
75400
77151
73151
68867
77174
71234
68856
74565
71523
65181
77436
76881
75217
78598
72109
82465
75368
77361
79631
68381
79442
77745
76864
74805
75334
72753
76998
75027
72491
72663
78255
81514
68025
69523
73406
73628
68030
80336
80409
72743
79297
73992
80892
72443
73073
74646
74453
78021
82591
78641
76954
81103
83310
80278
78592
79804
72309
81756
81797
74410
76965
77969
77492
82537
82726
78082
80951
72217
73962
81801
80888
83326
83239
80718
81617
76464
77700
73622
74498
80406
77483
82730
25876
72233
77552
78581
77501
75131
83314
82694
87481
71613
83288
78951
19645
86355
72949
79926
77787
78341
85367
83213
78407
78338
82744
80960
73854
73606
79375
77534
78092
78044
81065
81977
81889
81240
82318
72281
77556
82009
80706
76590
77710
81223
70453
83831
82416
66066
73156
82878
79965
73297
89227
88877
82016
73360
80158
82021
72697
77708
80256
40117
80907
79555
87098
72243
76278
82614
82601
75859
81331
75492
81770
83359
73631
82861
74013
78353
78425
83211
79999
77799
88348
83362
77937
77792
72401
79796
81886
86928
81485
82836
80523
79961
79431
85400
77526
80660
71778
78401
77498
88423
86294
77824
87414
81188
83554
84660
85994
85589
78772
80983
82183
79351
83078
77922
84445
88982
78426
72942
