36454
32727
39709
46670
34526
35823
33093
32738
35615
33490
39593
37793
40744
42272
36215
32199
39805
45873
32328
31612
32027
40533
36037
42867
35909
34320
36430
37275
32220
35845
32431
38798
81618
37210
43304
33892
42625
35195
36571
26055
36692
37156
37333
32120
34600
32952
38078
37931
33587
34614
42491
34647
41018
33865
36223
35140
41405
34890
35336
35196
33562
40140
31653
36786
36908
40374
40326
36412
33909
40180
82396
35826
35367
35213
34643
85634
40519
89633
83664
83551
38467
31798
89912
82506
82192
87741
87945
84944
78481
83373
82151
82530
78578
83740
80685
93417
85616
82116
79034
89814
84941
91544
86290
80473
81646
84254
90561
82644
81821
90646
93327
86152
80873
86224
84844
89015
86347
96169
87086
90533
84650
82649
82464
88022
82018
95613
86966
88424
90557
85923
79736
88878
86235
88736
91187
91119
94144
88333
97385
92032
89086
97293
84796
87799
89075
87752
79972
97189
92031
92278
88717
95243
3029
97975
87151
92460
94152
88750
96441
90012
94387
86186
89196
90472
90978
86760
93793
92530
89327
94736
94153
94320
97280
4223
92281
90788
86889
97995
97929
88126
90941
96948
82439
98032
91988
87366
87720
87608
88794
89732
5373
93093
5849
3090
90990
90210
88669
86804
90660
96936
3621
92296
89279
95547
98011
92562
96870
91543
5420
91342
90455
1453
90150
95039
96232
90257
97174
87906
92972
88436
90823
96081
93861
816
94826
3912
94645
3278
93700
92947
96646
96592
88893
88537
97611
5638
830
4572
98064
89569
91459
94739
346
93155
3134
12253
88116
93432
663
86818
89694
1428
3269
6187
5656
95546
2356
93178
96518
3926
0
94102
5119
2100
814
5838
3799
4038
93173
92445
5641
2405
491
5954
2515
493
1350
97418
410
4476
95534
89012
95286
5060
92943
97227
96706
95225
95078
4084
1640
92764
93510
1252
133
581
92304
93229
2816
95744
92925
94717
92922
3025
3437
4473
92971
94335
95623
96729
94083
4929
546
92214
97495
260
95290
94945
9423
12007
97208
95691
95143
10341
1792
1941
97712
94794
46
95084
1773
7779
94183
4738
94763
9887
1703
4770
11816
95062
96811
1784
6031
6499
9086
8175
297
92047
3167
87370
94787
10336
4135
198
3895
3700
3271
658
5842
3258
6160
3893
9738
1153
93330
69
8459
2477
4392
2577
7771
92073
5210
917
8780
10329
3334
1774
2613
4330
4866
6366
5981
5920
6626
11560
10530
242
15546
4412
4696
6843
93056
1549
97197
8278
8229
10606
19184
3361
7387
9706
5573
4283
8262
3823
10514
9699
11035
1006
960
9165
7624
1715
8634
9125
11870
6095
6142
1599
5162
94657
5333
16757
3623
12091
11722
5439
8239
10149
3325
961
4166
9052
4311
6805
9797
13939
3184
10548
924
15231
6620
5378
9597
6618
1543
1673
2075
7245
14056
11726
10783
8167
11517
8403
8578
10900
10899
8408
17675
5829
13603
2083
10247
2385
11713
17885
13501
11335
8612
1365
1368
7841
10347
6565
10714
7103
18379
7715
11933
8800
9118
2318
2709
17635
12701
10243
12069
8234
8992
9713
11940
3324
13200
9666
6430
9008
8635
12223
6410
7068
8272
12672
9274
7085
9465
12912
11618
10024
7874
21347
12650
8602
6475
3470
2301
6498
14424
13109
7708
6613
16782
877
13065
14706
9149
12323
8501
10882
15619
13554
13615
14635
11321
12900
12877
16365
10663
4253
10849
18344
8739
10671
2500
8610
15976
12802
11372
11661
16302
11924
9375
18053
16008
19180
7766
17550
15355
13701
16152
13989
12686
7088
12697
7675
22677
14921
13407
13744
10890
12265
13947
9310
16735
15194
14075
16476
12569
8249
7496
11791
12673
9576
9721
6164
14783
9119
15159
18191
18377
12937
20217
12536
9633
7491
8568
7936
13014
8203
18363
14239
13859
12663
10998
14907
13820
16227
14588
6213
12808
24139
14920
10977
11374
17738
19872
7047
10755
22690
9044
12351
13898
8950
13994
13829
7007
18374
14461
14717
11930
10630
6388
17874
15514
15407
13620
7700
8340
18301
14761
12544
17074
8210
17320
9163
15993
12872
9549
9985
8191
15328
16903
12480
15450
13263
11525
18149
15127
13907
13415
15143
11457
17749
16128
12943
12884
14743
16328
16852
15126
10763
19142
15504
20284
17709
13779
16259
18436
14973
14851
13028
19512
12644
19442
16904
23660
18472
15602
15658
11840
17312
13250
15677
20368
24351
21368
17158
6826
16800
15567
16932
18054
24353
12477
17095
17662
13516
19840
24403
14316
13184
20851
22041
17806
19110
19607
12152
24233
22486
6398
20751
18815
21967
15331
23781
22970
12696
13823
20953
20795
20908
7607
18407
20789
30391
24481
19218
19107
20927
22895
15072
19685
17433
16861
23984
21352
13179
16599
17504
12727
17302
18940
22151
21111
22426
24232
15363
15014
21179
17701
13977
16794
26640
13268
19271
14543
16933
13211
23762
17839
27611
28145
16740
23364
24392
16021
20124
20334
19115
18500
14565
29747
27815
13232
16789
26562
16883
24331
15852
14346
13696
24322
22059
13556
15764
22897
12795
20196
16749
22856
14691
26350
14570
14580
21851
15343
22782
21290
20543
12848
17432
23415
18834
19440
19537
19307
23839
25340
19311
24169
22609
12596
21819
20820
23065
24024
23825
21259
28735
24038
26944
19076
18585
14995
19898
23341
22335
21462
14335
14135
20825
21531
19239
28554
29925
30634
29133
23524
28559
20312
26852
25118
26210
20970
27907
26561
21647
18248
28984
28439
29454
30445
21334
21791
30127
29027
27058
33939
30021
26228
26763
21974
22327
25237
28537
28738
27510
29005
25021
34873
29790
22708
30588
28623
21031
29024
25346
27314
30751
36888
29262
26745
25814
26235
20441
30900
23771
25612
20478
27308
33611
35272
29784
31172
34280
30521
30589
26996
27859
19700
31672
30104
32659
24706
28634
30368
29714
27246
25607
35925
36783
26092
34246
25896
26608
28627
26601
34685
26036
30788
27512
31317
31699
30661
31993
20199
30446
36078
29955
30154
28948
27122
29486
34693
29974
28796
35041
34574
35175
28960
22719
36056
24886
32595
29924
26609
24881
28619
28689
34292
26574
26805
29085
31759
27465
34415
29471
32433
34038
32013
33649
23138
25330
33011
26877
25355
25987
29661
29684
36677
24938
32488
27241
31797
25648
36493
33637
33213
29145
34227
26728
27763
36296
34668
27013
33928
36129
35202
75106
22855
37572
34592
34712
33800
28331
33052
33336
29685
40067
36718
76831
33576
27908
35108
24658
32403
78020
33126
19885
24960
28339
32074
30962
30101
75122
32372
77050
72353
31014
69475
73764
74161
76004
79239
72051
79930
81085
78877
82266
76444
76679
77262
69256
79813
75682
79771
70217
79874
80745
67658
74591
76931
75774
37123
78759
76346
80830
76079
75188
78754
74021
81881
75037
79674
85554
77536
78383
83321
80724
80714
80017
78057
74492
79609
75481
82927
78506
74037
80021
68772
68703
80986
73575
79938
78307
75721
80380
80189
75179
83185
82294
80546
80882
91681
79301
90118
84697
81294
80723
85638
35442
80010
83694
82282
80104
83879
75280
80177
74947
80820
83917
84992
79347
90266
85274
85950
83707
84912
75678
82356
78537
84884
82093
85053
81913
36041
82202
81280
84671
77947
83049
75890
79336
82112
75652
77073
80851
91033
83509
75850
79222
75644
83403
83974
90247
81392
87117
78167
89876
87227
85991
90846
83011
84033
85875
90707
90161
80967
80616
88161
83041
89583
89588
91920
80618
83076
83943
80911
86391
90091
89257
91537
88345
85623
80701
81583
89225
82451
81838
83408
80740
82816
85995
84599
90254
73680
84013
83246
85113
84891
81817
82335
79952
90828
86141
90334
96266
73691
84012
80509
88175
89574
81581
81400
84604
77423
80705
84688
90633
81133
85715
33690
87732
86058
81568
98082
90869
97275
38503
93235
88469
88965
90543
89537
89260
87035
90106
80798
88769
87857
86499
93194
82398
92202
90904
89270
91840
88290
87808
80522
92203
32518
96652
91242
32726
96687
88792
91241
91402
39967
34789
97644
92209
31285
87412
85924
40945
80360
36975
86680
96787
89004
98073
94531
40595
90782
41620
95914
40097
94359
42156
41324
98072
95188
97462
91977
41675
48432
97993
48891
40551
38320
37956
38739
42988
38129
47067
39553
44883
42669
46143
44881
45342
48893
48207
48265
47132
45094
46482
43665
48232
47100
43120
44434
47751
44545
43530
48728
46662
40953
45496
48574
48890
37657
36925
52864
44775
52869
39253
46796
45932
48922
88188
23946
49006
47620
44307
41424
45435
46663
41764
45299
39234
40961
43941
41826
38247
38098
40023
37237
46141
37477
39739
32491
38326
41415
46531
44326
43932
41461
54895
42322
42688
38477
42510
37936
45576
45358
47718
43283
51227
46799
44639
44902
38533
39636
49003
43587
43070
48721
48998
49845
40756
35347
41379
44750
40809
42380
44796
48117
41898
35149
45939
39059
34271
45881
41953
41062
32193
40711
34801
47985
38730
44355
40089
39656
36047
35428
42300
31619
35276
37060
35249
35239
37178
36454
