61981
61857
67287
66648
61353
63503
65209
62442
58464
58628
55450
63305
64358
60755
71509
58688
59806
62331
64917
56278
61399
61777
63518
61706
69437
60054
65695
66155
65488
61480
67233
61844
69435
58363
63099
65179
64652
64016
64213
62489
61492
63058
55291
72058
62330
70414
56795
57072
61617
56044
56352
59963
64244
58678
56446
65974
63901
74363
68890
67395
67356
67399
59503
67133
66678
66961
65128
63574
55187
65773
60161
64579
15241
59733
59015
63052
60957
56876
60413
58794
54046
61748
60712
57954
66984
49991
57316
55662
63823
60938
63014
62439
66278
63868
17777
65083
67377
68041
63473
59487
60182
64718
63620
54908
72678
61738
57420
60353
59032
59668
66959
57873
64034
70396
68269
65482
59321
60729
64730
64539
73290
67428
64699
69262
68471
61995
66141
62913
65699
66894
62458
62356
63707
65247
67343
67042
67424
70233
65641
64386
61704
64273
59647
64250
63460
73310
66078
63565
57874
62298
65988
65148
69603
63254
58846
60873
72709
67431
67086
67873
68079
68414
58529
72311
67815
73275
61609
66022
68037
65120
72270
62230
71884
62074
69562
70126
59774
65991
71872
67744
65673
57882
63401
67634
69886
61543
67238
68377
63178
67699
65675
64672
62859
71477
63053
63445
58940
68581
67226
69680
60764
64677
64075
65949
66560
62235
70257
9144
72239
77193
58914
74044
67293
63358
63591
76948
64138
72099
71950
63527
66902
67930
65627
66752
78088
67902
70062
64086
65243
71445
71858
68436
68059
60088
67985
71762
62029
76272
71431
65778
67694
70121
65920
65522
71378
74172
69651
73485
59939
61718
70247
67032
64342
61772
66880
72150
68129
73421
61957
69760
66031
61843
68362
72887
73080
63964
73533
71891
70074
74165
65660
67544
68203
73193
72346
69579
74132
67738
67740
74756
72458
70803
67945
72633
71400
64000
64634
63820
69184
72598
68973
69582
63281
73369
62604
69915
68380
71576
70661
62737
65733
63389
72291
76960
67823
74965
76995
78995
70629
76388
73997
73807
68122
71307
69731
74284
74599
73875
76964
73345
68353
79532
77165
70401
75777
73595
76965
65560
70285
76566
77164
69130
75168
79655
76090
69461
74425
73077
75198
72718
77957
20541
67890
63767
68314
63592
77380
77954
75080
32487
79546
68225
79219
78116
63218
72954
75858
77041
23959
19197
74926
74741
32296
35962
33923
34682
20451
29926
18866
26014
28636
30677
28623
21031
29024
25346
27314
30751
36888
29262
26745
25814
26235
20441
30900
23771
25612
20478
27308
33611
35272
29784
31172
34280
30521
30589
26996
27859
19700
31672
30104
32659
24706
28634
30368
29714
27246
25607
35925
36783
26092
34246
25896
26608
28627
26601
34685
26036
30788
27512
31317
31699
30661
31993
20199
30446
36078
29955
30154
28948
27122
29486
34693
29974
28796
35041
34574
35175
28960
22719
36056
24886
32595
29924
26609
24881
28619
28689
34292
26574
26805
29085
31759
27465
34415
29471
32433
34038
32013
33649
23138
25330
33011
26877
25355
25987
29661
29684
36677
24938
32488
27241
31797
25648
36493
33637
33213
29145
34227
26728
27763
36296
34668
27013
33928
36129
35202
75106
22855
37572
34592
34712
33800
28331
33052
33336
29685
40067
36718
76831
33576
27908
35108
24658
32403
78020
33126
19885
24960
28339
32074
30962
30101
75122
32372
77050
72353
31014
69475
73764
74161
76004
79239
72051
79930
81085
78877
82266
76444
76679
77262
69256
79813
75682
79771
70217
79874
80745
67658
74591
76931
75774
37123
78759
76346
80830
76079
75188
78754
74021
81881
75037
79674
85554
77536
78383
83321
80724
80714
80017
78057
74492
79609
75481
82927
78506
74037
80021
68772
68703
80986
73575
79938
78307
75721
80380
80189
75179
83185
82294
80546
80882
91681
79301
90118
84697
81294
80723
85638
35442
80010
83694
82282
80104
83879
75280
80177
74947
80820
83917
84992
79347
90266
85274
85950
83707
84912
75678
82356
78537
84884
82093
85053
81913
36041
82202
81280
84671
77947
83049
75890
79336
82112
75652
77073
80851
91033
83509
75850
79222
75644
83403
83974
90247
81392
87117
78167
89876
87227
85991
90846
83011
84033
85875
90707
90161
80967
80616
88161
83041
89583
89588
91920
80618
83076
83943
80911
86391
90091
89257
91537
88345
85623
80701
81583
89225
82451
81838
83408
80740
82816
85995
84599
90254
73680
84013
83246
85113
84891
81817
82335
79952
90828
86141
90334
96266
73691
84012
80509
88175
89574
81581
81400
84604
77423
80705
84688
90633
81133
85715
33690
87732
86058
81568
98082
90869
97275
38503
93235
88469
88965
90543
89537
89260
87035
90106
80798
88769
87857
86499
93194
82398
92202
90904
89270
91840
88290
87808
80522
92203
32518
96652
91242
32726
96687
88792
91241
91402
39967
34789
97644
92209
31285
87412
85924
40945
80360
36975
86680
96787
89004
98073
94531
40595
90782
41620
95914
40097
94359
42156
41324
98072
95188
97462
91977
41675
48432
97993
48891
40551
38320
37956
38739
42988
38129
47067
39553
44883
42669
46143
44881
45342
48893
48207
48265
47132
45094
46482
43665
48232
47100
43120
44434
47751
44545
43530
48728
46662
40953
45496
48574
48890
37657
36925
52864
44775
52869
39253
46796
45932
48922
88188
23946
49006
47620
44307
41424
45435
46663
41764
45299
39234
40961
43941
41826
38247
38098
40023
37237
46141
37477
39739
32491
38326
41415
46531
44326
43932
41461
54895
42322
42688
38477
42510
37936
45576
45358
47718
43283
38362
45581
44665
45527
54743
46382
48801
47095
43912
49890
46259
41102
43572
47762
48239
45485
46062
45816
44850
46588
47581
42214
40461
44001
42219
53925
45372
45575
40193
39224
44667
49385
44863
39405
42680
44234
41825
43406
44588
32192
40574
46756
43588
47026
38405
42806
42586
43791
41653
41383
44690
41958
43988
39094
39386
48644
39087
45130
37228
53313
47709
53335
44414
45353
46841
39064
45950
46385
45138
43669
51155
46854
48804
38858
39388
44562
46239
38865
44474
43214
45172
53848
46617
53568
43449
52976
46578
41520
41112
45394
48961
43084
52427
50333
50930
51091
39296
48029
43972
44466
47957
48833
47598
52594
52272
49417
38853
48156
43222
47402
45140
49541
47363
43834
55132
44429
43397
44853
51493
43381
46018
52007
52439
44609
55176
43876
51789
54312
43874
46575
43784
46243
45622
44457
52717
51499
44922
44867
51567
49718
47497
45001
52536
48447
47868
43234
51644
54522
45717
53274
43768
46606
50995
59014
51256
47886
50168
50833
46413
50742
52958
53871
55733
57518
49575
50733
53671
49638
53633
50128
53473
54366
48085
52516
55110
46771
51048
51474
58801
47617
58767
51641
51660
54901
49821
43696
54976
44285
50302
53440
49863
51258
47243
56002
54260
49970
55140
52258
52284
51261
57366
50957
52443
54403
57835
56464
51186
56209
54048
55831
51720
53012
51338
50026
46241
50103
50980
54119
50219
53187
58249
56203
52999
57058
53653
49412
62097
49463
56147
50420
56192
50763
52706
51294
56815
61260
61215
50018
50999
52057
60118
58570
52143
52426
60163
53648
49963
55849
50231
57770
49857
58057
53169
54991
49550
52756
57698
54812
57580
61003
54220
59864
60693
61221
56390
53575
51095
52931
54970
55723
51080
58333
53290
55640
53854
60103
54742
56923
60535
56925
65609
67435
58368
56344
55644
58189
58164
52700
57588
54849
57906
53364
61149
60147
52167
61271
62987
57792
56112
64866
59319
51758
55931
59970
56928
61347
56024
60133
62428
56046
61723
56326
59509
67013
55400
67161
64126
60986
44435
63969
59890
63586
62714
65316
61917
50583
56531
59452
61545
64474
62022
56094
55181
65057
63471
67101
68785
61719
59779
61710
63906
61981
