50443
5834
44253
50586
83181
76091
53185
11545
44407
47598
85018
57403
46996
816
46810
8958
48294
52187
2501
1869
1007
45888
37739
38020
51428
3351
89104
52268
2149
3991
48253
41602
4635
35279
48984
44373
90747
82087
37736
47633
3856
44827
1652
36633
1436
46873
83851
36091
31116
76221
43671
5150
43025
49263
77088
46663
35056
1140
85514
44902
611
49013
37800
87457
50530
42731
45513
81811
50008
4068
1543
43939
44816
439
77863
79751
52673
1302
92405
568
5594
87916
56198
46725
47840
89546
47400
93403
48065
48766
118
31334
2155
49738
86970
49994
46382
52484
90204
4814
1308
90750
83252
92197
49510
37509
48844
4191
2816
47825
5780
11692
52209
39728
50326
5040
42451
50510
3588
36513
46324
46244
51619
46487
38180
3544
5327
5154
89676
84526
12651
85031
46848
42262
5437
2291
86245
43014
2109
48240
85720
84468
5617
45459
56947
536
50269
81864
46260
1135
513
78496
41052
90382
87941
45215
4286
83626
87563
45581
85303
37160
47998
49325
51597
92770
49878
48839
43060
53303
55774
45227
45397
87712
44625
48618
47379
3192
78406
42761
523
86665
51296
48988
32808
3363
50006
83455
1105
90755
59140
4154
39365
90038
50869
93206
1999
5805
48522
77870
5604
2324
1284
51598
558
37026
5847
41477
51550
47270
45880
56383
3506
92517
87788
52611
52428
89868
49019
89118
84975
42975
4061
48278
51964
82865
52506
53817
489
41893
48619
52217
49339
1064
1722
3068
42895
80135
80539
1548
86834
83461
49082
49603
2880
50487
57461
1817
41987
85055
1661
50908
42503
2760
50484
46975
51429
3592
3082
54097
13218
42487
91090
1732
88701
51761
3534
41973
83812
48788
86093
34
51940
50394
83841
92547
78824
43726
52421
41210
92019
88012
44873
43553
48846
48576
5177
55000
84621
88800
47635
50568
51959
92449
56951
3241
41286
51081
88099
86914
50005
45469
84116
3817
86935
43839
44041
51634
88076
50565
51435
48554
5603
92546
3259
45457
46289
45016
40851
81335
91861
42591
48793
46245
51848
3070
87972
3422
47854
4560
3676
5112
93223
44965
50336
795
92443
4342
43393
43445
50304
739
50566
92589
45641
4644
85065
47783
92694
88646
88684
3857
52389
48102
90595
55870
48096
43626
83311
51946
86508
46369
46926
48100
43736
5592
44497
1470
39186
91765
16
41155
50082
83191
47105
43128
3895
48350
41303
51368
84988
50993
46832
47265
3415
46001
45429
49765
50020
49894
47623
4613
50901
42146
4185
91844
78142
46946
318
52240
51059
3191
43264
51760
35713
41357
1476
48670
3281
31862
1961
746
48622
79412
93230
475
45363
40747
52038
52577
923
36997
4670
2126
3913
46989
50346
49038
41160
87658
49541
48917
52412
83984
1729
44129
82364
585
88744
5471
86761
45364
9760
51312
32825
50307
78752
82476
89758
81672
43385
91073
38495
1880
50995
41681
86471
92891
45894
46770
91314
41241
45036
480
82685
92862
105
32157
52579
91012
89979
92147
49474
36720
82224
2398
91874
91248
89876
50680
85917
46816
51538
11
2360
84547
31171
38551
777
93196
4056
51628
48306
50063
48991
50744
41126
38525
50703
47850
46970
42144
49216
3921
51935
38019
3200
50622
54984
9693
81452
4029
47588
48749
46595
55782
38423
48835
86881
5586
81121
90202
1814
5252
2234
45440
52277
3586
38223
48845
41471
78666
547
1437
90415
47969
41993
50201
9651
45339
37094
82567
42526
4484
56350
52073
92704
88874
47641
12466
46214
77989
47722
41268
8971
88111
87963
79011
4599
33330
48630
5698
44706
89768
43916
1313
2455
51490
77292
42564
44466
45791
93295
49266
88031
56448
87707
46234
521
3240
77130
42705
85459
86272
51469
1511
51799
88210
43414
45931
92701
80251
42912
43401
88320
48121
1506
4228
48091
522
91511
50380
4031
43405
47288
50138
50856
50590
48980
2162
88919
52630
1020
50018
48123
42083
48345
50919
47872
52243
90599
37043
48040
41225
52642
46986
91549
48116
48437
43063
48469
92266
47196
47083
38190
4118
49523
47835
50300
55770
41023
222
3973
92576
88096
41420
42747
2579
50393
47590
46883
81974
91863
44586
90051
2996
49921
2962
30597
43230
52596
88499
89036
50845
47355
9750
51094
600
44371
52397
49099
43054
47346
91000
88247
123
36068
88485
40539
78852
546
86318
1486
45491
37671
48434
86034
52167
48617
35759
51991
37065
91925
44804
85045
3657
9992
5098
2920
45768
47943
42174
88990
3080
43873
89862
90333
42950
52398
44399
85814
45955
92871
46478
44267
34313
92703
47297
45054
56503
88325
76948
51612
2665
47524
54655
1168
92306
44447
89871
36283
3711
38093
502
46096
88576
52739
89053
49787
88954
42449
41969
90498
2328
87945
46079
43469
82876
52279
4155
41439
47384
43017
4627
88198
2366
52458
50962
86229
93578
1433
41294
45466
90445
89055
37609
43690
47350
47192
43652
9572
48090
52309
88575
39421
43544
37223
83274
93532
43637
43210
39474
44957
43050
64333
53387
92675
91301
5765
52394
90442
2363
41594
1432
36449
49207
38237
48530
46923
44204
92218
51443
86450
50497
41020
1022
5590
3590
44419
88317
46256
4553
1260
52058
88044
44349
50788
50359
52624
87298
49566
85320
50363
47240
43059
47001
41896
93135
52594
41940
4540
88582
51282
82649
85332
47956
635
45312
3256
41090
42790
55843
83806
49005
495
86952
48356
42456
48802
50929
2172
86777
48963
37439
47376
90355
50295
55769
84998
41599
487
898
47839
88795
89399
84342
83542
2881
3390
48566
4491
52860
41449
51481
47331
44185
48453
1136
46280
48675
47446
54277
5990
43768
88617
90596
89870
45144
93304
46300
219
50228
44591
47280
51512
89858
3575
42245
85999
50293
45781
91501
76328
88001
43455
91124
43714
58066
47291
5250
43942
1315
38156
38257
44265
49885
51675
85414
51601
2928
49770
47393
92904
51975
4603
43759
40847
47992
52186
4763
41509
4826
50737
48682
51955
47225
5434
43772
53410
49309
49260
50986
47812
38592
48245
43113
2207
47285
46503
51464
42119
43388
87040
40850
93097
50525
5436
646
46035
49637
4610
52245
44693
51109
90479
5183
4104
51390
57045
39454
92471
41846
44499
42285
90545
92149
49568
2701
47324
5610
47345
41936
83257
90007
48227
50343
90542
4122
40904
52765
91229
71920
2927
51515
43394
104
34085
85878
70
91786
51958
83778
83544
50049
86193
50188
550
52120
48167
49804
41182
43214
88228
1657
90534
47459
80951
7856
85236
52361
50370
39109
37048
51571
42297
41588
2036
41291
52244
82400
48537
5832
386
90447
47366
82185
464
93179
82899
46882
52258
46046
35540
45401
77982
80878
92843
8593
87600
535
52418
50982
41523
47724
3578
1773
50912
14025
86222
36235
42310
40232
44953
49002
90628
3424
56308
43627
44440
88257
91749
85996
3524
55528
86537
52593
90434
89866
34137
56459
47047
44708
1184
47333
79967
3585
4654
41074
49625
48465
2316
50400
45341
50903
91499
49016
47547
47295
52172
36736
86826
47926
1082
47944
88020
50193
3478
51920
37172
43372
50729
31688
46980
45807
47030
88102
47389
86270
87850
51502
50404
4819
1021
48564
50345
92424
87831
4656
91157
4550
184
93306
54062
89899
5821
47419
6510
1648
46263
46827
93102
76998
46824
46876
46423
50339
92906
37732
40162
1252
82236
93210
2371
3186
2947
51421
84314
90209
51017
576
89536
50913
88049
47283
83931
86191
1118
42684
48021
87242
2205
188
45436
49329
48765
85400
91653
89257
47639
50750
39945
84827
93108
47027
87654
76669
42659
91368
88731
28534
77998
3471
1645
2251
77994
86702
793
48692
1626
45355
4786
52391
50388
35841
85904
48254
7526
86536
90784
5957
49042
7848
5613
92854
91857
83366
477
44472
39188
84818
51985
916
52035
91212
43892
40774
5786
47050
39700
47949
36549
1994
48912
46964
80786
42311
46617
48329
40980
43976
4816
2357
45372
81025
77008
37827
1125
51319
56351
51266
48228
43787
43294
50376
43993
45369
75
50159
2130
46658
42604
43734
91814
4180
49274
78670
84927
38524
39414
50342
3330
47554
458
36558
92188
1659
45647
79188
89425
5567
77977
44069
48478
42606
51474
45596
42066
50048
45663
1359
3237
51826
42011
2002
2817
52868
49736
1754
54334
84654
3343
84014
89334
42182
45077
1215
48008
538
39638
44629
52348
42838
1727
36157
53406
1262
3312
83357
914
84010
48985
41962
52242
47037
89976
5757
5608
36545
52400
83805
50443
