61101
58875
61882
68982
68662
66173
59440
59082
60500
67848
67933
64936
68127
64823
68520
65644
64942
64131
68781
73650
67923
70019
69944
66638
71815
66270
61954
69946
65561
61692
69055
67546
62709
64884
66595
65623
55292
64874
68078
66179
61972
69538
68072
64037
65794
66322
60406
69406
64902
64836
68416
62148
61756
67868
69352
65381
65687
68056
65674
60613
68339
66520
69659
60582
61589
66328
63777
59842
64575
63178
56967
69811
60069
67789
63792
67788
55024
60290
63306
65799
59629
68052
58677
57500
64240
55242
55970
62711
63453
62810
57801
62594
65672
56937
57087
57490
53957
54869
60315
55285
61341
63998
65964
58601
60868
61281
61272
62288
61645
62268
59652
48150
67796
55817
62284
58658
60088
54566
59122
62603
53455
54563
63666
53403
63845
61467
63994
59039
60094
62953
59388
58949
62998
59102
60474
60351
60764
60588
53347
58529
61506
64194
62828
56458
55718
60398
59888
64353
62614
56139
59823
50669
60760
57583
61296
58999
61764
62493
59578
62957
59836
55296
63258
62565
64282
64327
62634
59385
59052
58644
59747
61365
62547
60804
63580
52753
54652
55943
56700
61383
61545
62740
56510
55484
59873
56770
63217
57709
60355
64289
63394
52833
57536
53356
57888
50951
59843
54482
55975
62310
58324
62920
55358
53514
49718
53738
54628
58649
56330
55602
57251
61522
52796
57478
56411
54188
52900
60829
54711
61616
56664
52805
58590
55108
52271
54750
53527
53831
55070
57549
53029
51484
48725
47736
51724
63581
54202
48122
56140
62159
52273
52806
61378
54699
48715
61379
57313
49887
58428
51499
51325
57836
50038
57295
54114
55034
57379
54927
56246
57859
56813
58462
53326
57877
52491
53405
49449
56258
54500
58493
56977
56560
54291
53609
51103
51213
58301
53613
47233
53378
53521
47684
56866
47521
57643
52712
48969
49417
58343
47183
55334
49687
58482
56577
49228
53194
53510
50462
56580
58272
51654
58225
47810
58141
57921
48642
46188
55410
49732
54648
48009
50564
58355
50206
53385
50767
51784
49785
51839
48367
49053
47921
52436
51527
50919
54732
48416
52957
53815
52089
49344
52319
54675
54494
55666
53065
55762
47465
48631
57917
53968
54314
50146
46099
47210
48131
53974
90251
52108
52090
57366
55515
41016
47505
52525
53428
51757
3565
56017
4226
54605
48848
51845
57628
55397
51900
50862
47687
48538
48430
50388
45256
50051
45366
49579
49657
51283
48072
49125
46810
48352
50715
42204
44710
43043
51819
5363
51676
2917
91445
52115
47205
50825
51009
49276
51759
51997
48546
42464
50744
51292
87086
51265
93413
2700
44983
45155
5476
5008
1814
2455
785
3755
85309
3481
5828
1459
5404
44091
91377
48149
1184
2254
77161
1662
3200
93021
3856
28129
1732
88734
475
86508
1664
51208
88461
933
91429
92818
134
4055
90352
1244
88247
87961
88747
1680
91806
2705
88192
88455
1696
87960
85477
89378
82763
92873
83933
90172
90567
86317
85207
90569
92510
87882
90681
82279
93101
80596
91295
88899
86820
92346
91517
89315
92292
91738
85683
90932
92340
92641
88184
88756
87837
92642
90041
92408
93482
91696
84870
2160
90587
3425
92454
89192
89588
85182
86769
89734
91400
91539
91621
85213
92503
92493
91545
88299
93192
88326
83977
91108
90089
91194
91829
87847
83283
86465
89313
83921
88037
92330
93597
92986
89795
91828
93594
91694
91497
93484
90067
89841
88784
1944
81968
93483
92308
86997
89344
92492
93573
90746
87895
82335
89499
92799
82287
83701
84728
84093
88544
82175
76640
85139
84733
85307
84844
88931
90559
87630
77620
69599
86167
86009
87386
85728
84084
84108
38339
77869
84848
76257
33221
74131
80476
76253
87096
83604
81779
20445
84708
81118
75025
72141
80326
81245
77547
82671
69779
75928
75271
72495
75695
62368
78407
73605
71841
80354
71223
75557
77759
75550
70409
71688
71936
66412
74358
68220
73977
23126
66679
64881
65752
16613
66855
73012
64625
56385
66226
65006
64729
24239
67091
66145
65988
73922
65954
66540
67180
19463
58655
63477
71205
70802
69826
70012
64782
69276
67369
24794
70937
68882
64939
66269
67758
70042
73449
66010
72877
65178
67422
70703
72980
71733
74396
59577
74630
67973
66267
72536
75682
67844
72342
72321
70707
74847
69399
66429
74777
69402
63558
64595
65813
64119
74914
74928
64258
73325
66797
65565
62707
67807
61140
68277
60750
71380
71452
61524
67995
71464
66777
69291
64916
61504
64478
74487
65689
58702
75360
65340
64959
67075
68459
68783
55348
71225
65348
64561
61922
61666
63442
68778
64251
58820
68174
66572
14803
65031
65653
64460
69087
68737
64599
69873
69626
53594
65649
69025
61101
