61101
58875
61882
68982
68662
66173
59440
59082
60500
67848
67933
64936
68127
64823
68520
65644
64942
64131
68781
73650
67923
70019
69944
66638
71815
66270
61954
69946
65561
61692
69055
67546
62709
64884
66595
65623
55292
64874
68078
66179
61972
69538
68072
64037
65794
66322
60406
69406
64902
64836
68416
62148
61756
67868
69352
65381
65687
68056
65674
60613
68339
66520
69659
60582
61589
66328
63777
59842
64575
63178
56967
69811
60069
67789
63792
67788
55024
60290
63306
65799
59629
68052
58677
57500
64240
55242
55970
62711
63453
62810
57801
62594
65672
56937
57087
57490
53957
54869
60315
55285
61341
63998
65964
58601
60868
61281
61272
62288
61645
62268
59652
48150
67796
55817
62284
58658
60088
54566
59122
62603
53455
54563
63666
53403
63845
61467
63994
59039
60094
62953
59388
58949
62998
59102
60474
60351
60764
60588
53347
58529
61506
64194
62828
56458
55718
60398
59888
64353
62614
56139
59823
50669
60760
57583
61296
58999
61764
62493
59578
62957
59836
55296
63258
62565
64282
64327
62634
59385
59052
58644
59747
61365
62547
60804
63580
52753
54652
55943
56700
61383
61545
62740
56510
55484
59873
56770
63217
57709
60355
64289
63394
52833
57536
53356
57888
50951
59843
54482
55975
62310
58324
62920
55358
53514
49718
53738
54628
58649
56330
55602
57251
61522
52796
57478
56411
54188
52900
60829
54711
61616
56664
52805
58590
55108
52271
54750
53527
48681
60345
58491
58155
63582
54950
51643
55917
51714
53673
53743
54086
60458
61538
54959
56272
53805
52665
49444
52944
52082
51715
53033
55479
55874
55849
47237
56864
49575
55186
60195
62522
50783
7745
58292
22083
62521
48502
48933
93168
57525
8527
10293
15848
26149
4103
70721
70809
71498
73444
71939
69211
71425
71027
65172
77737
66147
67825
75571
71054
74701
37809
78210
76817
73940
76818
71726
71102
68099
68994
66550
71628
74042
75973
74465
70372
66251
61128
80865
74031
67943
72514
73002
71223
75557
77759
75550
70409
71688
71936
66412
74358
68220
73977
23126
66679
64881
65752
16613
66855
73012
64625
56385
66226
65006
64729
24239
67091
66145
65988
73922
65954
66540
67180
19463
58655
63477
71205
70802
69826
70012
64782
69276
67369
24794
70937
68882
64939
66269
67758
70042
73449
66010
72877
65178
67422
70703
72980
71733
74396
59577
74630
67973
66267
72536
75682
67844
72342
72321
70707
74847
69399
66429
74777
69402
63558
64595
65813
64119
74914
74928
64258
73325
66797
65565
62707
67807
61140
68277
60750
71380
71452
61524
67995
71464
66777
69291
64916
61504
64478
74487
65689
58702
75360
65340
64959
67075
68459
68783
55348
71225
65348
64561
61922
61666
63442
68778
64251
58820
68174
66572
14803
65031
65653
64460
69087
68737
64599
69873
69626
53594
65649
69025
61101
