55292
64874
68078
66179
61972
69538
68072
64037
65794
66322
60406
69406
64902
64836
68416
62148
61756
67868
69352
65381
65687
68056
65674
60613
68339
66520
69659
60582
61589
66328
63777
59842
64575
63178
56967
69811
60069
67789
63792
67788
55024
60290
63306
65799
59629
68052
58677
57500
64240
55242
55970
62711
63453
62810
57801
62594
65672
56937
57087
57490
53957
54869
60315
55285
61341
63998
65964
58601
60868
61281
61272
62288
61645
62268
59652
48150
67796
55817
62284
58658
60088
54566
59122
62603
53455
54563
63666
53403
63845
61467
63994
59039
60094
62953
59388
58949
62998
59102
60474
60351
60764
60588
53347
58529
61506
64194
62828
56458
55718
60398
59888
64353
62614
56139
59823
50669
60760
57583
61296
58999
61764
62493
59578
62957
59836
55296
63258
62565
64282
64327
62634
59385
59052
58644
59747
61365
62547
60804
63580
52753
54652
55943
56700
61383
61545
62740
56510
55484
59873
56770
63217
57709
60355
64289
63394
52833
57536
53356
57888
50951
59843
54482
55975
62310
58324
62920
55358
53514
49718
53738
54628
58649
56330
55602
57251
61522
52796
57478
56411
54188
52900
60829
54711
61616
56664
52805
58590
55108
52271
54750
53527
53831
55070
57549
53029
51484
48725
47736
51724
63581
54202
48122
56140
62159
52273
52806
61378
54699
48715
61379
57313
49887
58428
51499
51325
57836
50038
57295
54114
55034
57379
54927
56246
57859
56813
58462
53326
57877
52491
53405
49449
56258
54500
58493
56977
56560
54291
53609
51103
51213
58301
53613
47233
53378
53521
47684
56866
47521
57643
52712
48969
49417
58343
47183
55334
49687
58482
56577
49228
53194
53510
50462
56580
58272
51654
58225
47810
58141
57921
48642
46188
55410
49732
54648
48009
50564
58355
50206
53385
50767
51784
49785
51839
48367
49053
47921
52436
51527
50919
54732
48416
52957
53815
52089
49344
52319
54675
54494
55666
53065
55762
47465
48631
57917
53968
54314
50146
46099
47210
48131
53974
90251
52108
52090
57366
55515
41016
47505
52525
53428
51757
3565
56017
4226
54605
48848
51845
57628
55397
51900
50862
47687
48538
48430
50388
45256
50051
45366
49579
49657
51283
48072
49125
46810
48352
50715
42204
44710
43043
51819
5363
51676
2917
91445
52115
47205
50825
51009
49276
51759
51997
48546
42464
50744
51292
87086
51265
93413
2700
44983
45155
5476
5008
1814
2455
785
3755
85309
3481
5828
1459
5404
44091
91377
48149
1184
2254
77161
1662
3200
93021
3856
28129
1732
88734
475
86508
1664
51208
88461
933
91429
92818
134
4055
90352
1244
88247
87961
88747
1680
91806
2705
88192
88455
1696
87960
85477
89378
82763
92873
83933
90172
90567
86317
85207
90569
92510
87882
90681
82279
93101
80596
91295
88899
86820
92346
91517
89315
92292
91738
85683
90932
92340
92641
88184
88756
87837
92642
90041
92408
93482
91696
84870
2160
90587
3425
92454
89192
89588
85182
86769
89734
91400
91539
91621
85213
92503
92493
91545
88299
93192
88326
83977
91108
90089
91194
91829
87847
83283
86465
92419
92459
92253
89185
88254
92942
88260
93440
91548
91686
91887
93453
93530
92015
87811
88936
91972
89220
93457
87379
88560
93595
91148
83187
89366
92525
91199
88785
90424
88794
86209
25644
87352
90061
82716
91743
87842
84543
84677
84690
85156
86071
80904
84198
82793
83773
82527
83500
79560
81205
84687
76699
25606
76105
84431
86265
87228
80674
80341
85294
86874
76264
77316
84383
79031
82346
82886
83771
85551
82918
82485
78639
85437
80472
87454
83041
82499
79954
76854
85449
81465
85445
84229
84040
86549
87385
71507
81982
81077
81640
86088
85895
87603
83952
87717
85494
72229
86680
82660
85265
77838
86706
87467
81988
85155
78031
84277
86700
77687
83762
87670
87746
86164
86959
78896
86550
84242
86199
77045
84121
78459
87376
73078
76066
83229
83116
79486
76152
33728
78767
83224
81575
81125
81734
78692
82927
83160
78835
81033
81506
76626
37907
81162
77613
78340
85278
76464
81605
78867
83152
84067
77089
77182
85243
81945
86324
87509
81338
80629
78346
81042
83352
80886
81432
72606
80648
76482
79442
81703
30828
74478
78982
80036
80509
80128
81289
85714
78791
74405
81834
78242
78579
78839
72084
68219
71015
79254
70380
84061
76951
74423
71906
77859
79198
72992
74893
65032
75740
79303
81219
78378
75746
75151
71408
80328
75392
81402
81895
75860
77190
74946
81290
77038
77224
77483
71022
76856
70925
75614
65760
79148
77821
79656
77307
80046
79446
71415
79780
72124
70908
77720
58786
78215
64769
77090
79434
79414
67424
74635
74528
73052
78317
76637
72349
81427
81480
67418
76996
78004
80336
79974
73025
66344
77805
76168
73027
70102
74512
73721
75090
69149
72014
65709
66161
72844
72727
65699
76540
74652
68443
64553
18895
75172
76727
80922
74646
32257
76526
71983
76155
34863
70601
70607
25701
29714
29477
38213
34018
31506
29530
73343
20613
20466
75952
22515
31129
22814
25738
25834
30181
29111
24062
29201
32745
27772
25341
23684
25676
23921
23841
26757
33639
24373
29480
34361
32812
32671
25018
32190
23506
27371
31629
20697
32892
28440
26094
30881
38768
27016
33433
17915
34794
32017
34774
31077
31786
22332
38619
26731
34910
34208
29321
33555
26299
27278
31049
30805
34596
33499
29867
30701
26457
38612
32240
27541
33762
26858
29018
23804
26998
27357
30907
26369
32247
32310
26952
31158
27875
25169
34258
27173
34567
35019
32170
27068
30917
34682
32890
28080
26708
31545
32662
28981
34476
28418
34434
28178
33983
34314
34025
24734
27442
31126
26706
27630
24882
33318
34280
29301
25824
31237
28668
34949
31733
22601
27149
28249
33795
28663
25800
26485
25900
34952
33512
34431
32600
32950
30565
32722
28632
35863
31414
24855
32983
26827
12217
30956
37060
34015
28454
26132
28859
27327
28916
31200
24625
33665
22475
17674
33227
32108
23490
24378
32676
24064
28610
27043
30575
27161
25814
26983
26347
28892
23787
33543
27329
28489
23429
18481
29084
24461
28911
29557
28742
17982
23686
26622
25671
28902
21293
27744
34694
23302
23201
28718
25384
28415
22776
26685
22181
28784
23576
28873
25160
32366
26556
74687
28447
28265
28271
22287
26168
25272
27589
28720
12373
24925
24198
28702
26075
14255
26935
28167
26939
17901
24543
21352
18778
26645
23941
20235
24415
28215
24197
23843
25273
26924
26755
19099
17986
26787
24640
24338
27264
22934
22230
23423
27575
23893
20716
17225
26066
28990
23440
24890
23478
26992
23422
23597
14195
27187
18962
19102
17450
24910
18363
24672
24417
21187
24837
22192
15507
20257
23019
24181
23012
23213
19984
18540
23002
20308
18492
22615
20850
21985
17447
18535
19098
16490
22597
15224
20277
27812
28171
18046
19637
24331
19960
28395
26985
22446
26733
20252
24568
22772
24571
17720
17739
19522
20201
22655
18250
16844
19866
21726
21081
20519
23046
15816
22737
23484
12452
26917
22800
18527
17971
22783
23533
24842
19579
18549
22138
27692
26018
70948
17914
15738
13964
22740
59805
72958
73882
13791
69349
23226
75985
19194
22613
66362
63526
71311
62472
66933
70213
73219
6366
60532
75026
15176
69741
69892
72179
67381
65974
65508
68579
67631
70990
60149
68117
62623
64535
69340
67415
67280
66408
73719
66706
65737
64979
71514
68807
63447
68999
75178
67918
58680
67879
69371
66607
68039
69411
66302
61954
69946
65561
61692
69055
67546
62709
64884
66595
65623
55292
