73361
26805
10973
83367
1974
55623
85483
82866
4563
87434
4227
70442
50721
90904
56602
41085
91883
46834
82678
47484
46339
85237
26702
84375
57764
86531
8898
2645
5818
10328
62145
78668
46658
36556
67742
82091
71061
17238
53695
84395
83924
54073
18099
63869
48427
79323
88386
80643
79520
91686
11670
15052
25183
7888
53576
25184
67762
405
86240
45843
83900
46634
1633
85542
78485
78601
3240
16358
43933
88687
84433
40152
48437
46716
57797
53734
85253
90310
32728
90820
28087
13160
44453
3977
52364
13399
47715
42612
438
86648
54194
78674
87368
89422
44672
83842
47164
46928
45154
64970
44568
52775
45076
3462
86096
78139
51294
13530
88760
83830
64521
84357
49509
81817
7083
85070
77862
81604
92939
87264
90804
87397
46856
21918
4830
40279
87363
60267
80180
14709
62064
63448
83654
44199
11514
59954
4176
2176
11114
51954
45096
83141
4372
47561
56520
3545
46530
75183
33357
76509
24231
57393
11986
3148
87439
56604
47702
90501
85286
57399
56222
82204
31809
52442
3321
90646
25703
59387
70472
15582
78545
78006
77698
54278
82267
53568
78447
84159
52392
52553
80773
91975
47469
42905
79625
2036
34430
89352
90365
92447
80809
50450
84474
71174
54196
55278
71282
86709
52167
52741
83665
74669
81532
47918
79571
92710
16293
35898
9829
33956
4223
80219
85958
19221
8356
8677
30642
11464
72263
30016
50052
77525
86101
47122
29266
78109
46613
86852
15581
81136
55556
21259
78363
53187
80493
40335
2067
50795
85627
72819
36804
2921
79207
17047
78493
76833
82689
79607
43778
50669
84842
39504
89816
52942
83849
61972
49854
84459
22473
2968
20478
46858
41072
86947
58133
67371
48008
46719
10447
18020
86447
38388
25108
39134
40085
81393
79308
75995
8645
18724
14490
25970
84211
76687
50180
6185
11679
87729
7323
79521
9150
17361
48944
86564
78453
70836
89627
55567
78758
79821
57188
79921
92632
87155
47434
1327
86310
3451
80979
51028
11327
46699
39713
52196
43565
7364
42595
44560
46000
51899
51856
3046
5764
19382
8058
1268
75729
19473
82425
73480
86360
79652
45122
2195
46141
6182
9156
43605
23542
47892
17143
84462
31537
35723
20367
4832
76330
38729
87277
42506
52446
72765
85531
88210
68852
80874
56012
81488
34408
24867
81575
54221
43586
78982
45410
90193
75318
33792
78576
85526
30368
33253
6565
90762
75196
72166
30336
38627
41661
90347
51727
4024
49273
84436
71658
72398
53170
52184
46610
22896
12734
73616
62677
47112
52447
29145
52294
81659
13048
82339
7877
83353
21646
78455
76894
80947
37214
9609
89331
70247
38275
36859
54904
37052
7700
25063
34055
87395
41172
52643
93247
8930
72189
29540
20000
26078
80021
3425
15325
58416
44647
79295
71913
55572
84337
82544
43215
81173
51709
77472
75884
28917
46656
86477
9221
85720
50213
48423
90475
86738
29749
44772
5580
24363
43608
43763
5763
72601
84944
83067
66641
42769
6785
77265
92285
70232
77556
80976
52484
71168
51750
91645
33235
7465
80626
45884
38117
34462
82135
90903
80923
84939
78565
86309
91906
7285
44012
13044
77378
41473
46542
83582
7470
85806
85880
2641
47405
7382
21257
45929
33313
75626
80312
45347
39761
92688
80794
46383
37941
56469
91056
84341
92172
88297
9784
42479
42442
40993
18923
48931
74843
21372
51511
41651
89641
58477
19263
78807
88391
92033
54265
80885
82274
16729
2995
86214
73041
89178
25633
41240
27025
53314
78631
23400
82124
31206
65093
44953
17133
40940
8228
39707
111
55902
78823
81421
54889
2227
25808
78746
63236
10263
48755
46511
42007
55651
78251
1540
85532
38712
47727
34844
52672
3636
5649
46112
2909
45031
58235
44692
48214
76276
3181
5907
31665
40228
73239
53919
26130
42601
81104
52445
37028
67323
72156
44839
3249
52385
92649
26097
10449
78488
49374
49884
8883
72512
37545
52551
52695
70227
36141
83238
86497
93111
82538
4202
43911
48771
53313
57187
5621
90497
25273
90669
74812
41711
57336
58411
34672
52154
76464
76175
20651
84465
73916
71198
49819
76451
51002
59788
12788
76724
88897
41644
79623
79368
89090
66519
14672
42492
81994
87104
26880
50807
5906
93119
5106
77675
30682
86191
89488
38283
86215
18417
52951
10864
90080
81120
61476
70417
76699
83499
37135
70404
49980
3942
83540
90235
93344
56183
86141
5869
56773
20583
16877
84989
63207
70598
45089
43364
43001
64097
81439
42388
12730
16289
42616
50907
26026
77550
37116
27605
40037
12415
78133
87167
15728
70567
85180
54075
45116
43909
44909
49674
1969
80538
91941
78475
32174
56599
74233
91488
47115
72131
32833
6496
48352
91333
81303
40320
87029
42375
86875
86659
70445
77673
36784
38812
41810
7948
66728
72060
55559
91343
46454
12655
93215
52287
86134
21234
87055
49328
8891
74718
40194
46633
59802
39044
65537
79000
6005
51809
72635
44958
83039
54425
78254
8145
2102
83871
4050
58251
88743
83889
84301
33565
35386
89740
72225
77366
11491
27652
48782
5901
80315
46103
83026
48025
120
83057
31077
76256
43476
43625
77387
67358
52266
48242
93392
59937
77846
15491
51202
6817
15578
51187
18040
79318
9038
87977
37958
76062
50744
88279
64176
45876
45147
6546
82634
61698
21214
84827
78858
13900
47108
49637
45319
87162
57635
49878
83319
46894
90633
43465
27388
80400
84454
81583
72834
77995
46151
5476
93334
40353
18436
79292
7522
85785
48225
38331
84588
74542
73059
80601
37494
52235
44134
81258
88380
56894
15236
15043
31130
56512
87362
81128
79096
42433
11028
44273
79609
77162
85458
40919
52387
49122
74875
4384
83607
77449
81216
80429
58041
5337
748
10068
47506
84312
73585
82851
83383
91098
84694
75838
9850
16146
42164
78765
3940
49497
52393
49730
24605
91809
44832
48705
73069
36502
29250
79144
92337
78908
80859
78560
30706
46608
86606
79637
80359
79129
3326
38358
91383
92879
71057
80780
81083
93190
18902
27556
38247
22402
79647
93469
71446
47723
51771
62467
72392
54270
77508
89850
43654
71745
15842
52454
82685
50679
51576
54266
75528
51962
74388
6535
58136
33496
70592
42063
38464
54070
57640
58399
13531
80540
37259
72585
48012
81881
5895
82971
86737
70996
49731
2323
87901
26659
35253
22748
89358
19472
45058
12696
79332
58398
45223
78273
86790
92034
41548
47916
39113
61246
83928
49662
51341
23862
73154
43526
57730
87772
41868
82169
71871
11026
74057
89890
52700
38747
73875
55381
4222
5017
5112
45417
52609
81648
4036
28590
51513
29344
45486
74094
83775
45968
78296
52637
35569
4826
37399
8317
72652
78534
7265
51896
47366
89239
52677
51775
3059
23856
18242
20860
50050
41650
48836
60922
74460
32246
10679
76195
79782
83340
32172
48639
3305
76909
85621
80787
17360
36414
89215
45152
51585
88728
76704
88352
86962
58074
87088
45108
55898
12801
42307
78124
71892
83
32392
62464
45090
48421
52303
29418
43463
75027
4838
1585
71327
4712
15002
36787
81118
49657
80440
17724
5747
84441
42230
79960
6279
45958
12651
75305
77916
82551
46376
42996
67087
682
10074
11395
29572
50446
83150
79438
80813
25420
35557
33444
35621
37650
54201
84200
45758
87552
81322
92808
56601
12149
14489
73948
63211
15189
58206
74693
82774
29225
81045
88384
87217
58397
11736
90870
3713
82357
22226
85044
49445
42997
43114
19744
13517
28068
81573
1913
48231
92406
89730
92913
62209
29891
54609
5652
57617
38160
57638
75359
79073
11782
25395
51751
83218
1854
25849
42708
37239
78343
74224
21060
32387
32919
27218
26493
36843
71333
81902
86052
4542
76918
43276
9863
93264
7688
39900
5843
27253
55475
667
16712
8815
11448
47438
13201
39925
77813
76201
76317
42473
42024
58413
75013
10069
52298
76343
78092
47184
4247
71989
88388
12806
77709
3722
77845
9814
29818
48450
3003
41578
73803
80273
44203
39483
38999
74251
45567
10144
50102
42058
90446
83808
22492
89144
5953
89732
75120
54891
79255
86423
85840
92057
70742
70961
80528
44591
85611
74640
11673
46327
21164
89862
83339
86651
23408
149
10156
75409
10104
993
16105
39915
44935
73421
80167
76014
70895
84111
11257
62578
85994
86676
74378
5211
45850
85329
76227
1696
44373
25315
34187
41802
72388
51370
78654
52642
80866
66963
74673
84317
82001
83574
84572
27780
84795
76234
46778
88149
4260
91800
51568
33185
72715
90825
90212
41322
70136
78461
35468
5762
74643
79702
85544
79489
21006
53938
7159
86818
91128
17440
34940
2460
84703
78500
70361
43362
78306
82877
20485
8837
26282
46598
74124
49077
84468
17357
77539
91144
31978
83944
6545
1259
84961
85021
45974
10836
38808
35811
35466
2097
57924
3719
86121
72369
90143
5032
47725
74902
93276
45718
44408
15066
80958
34803
43928
58200
88538
617
91377
42114
25964
77608
49463
82642
13375
50766
62318
86082
72489
52954
49704
76303
71387
11666
54884
79258
86926
49753
58415
51716
55886
47911
2797
57802
52605
83382
79944
43574
49824
51886
37975
58026
28284
22636
51120
84250
6156
31015
76813
50670
78026
81971
25728
91937
77759
3879
44045
79294
79494
14373
25609
54122
79307
65548
42161
6316
42374
21441
5052
47390
82537
35239
43910
84212
36535
51854
13029
48550
49649
72979
17032
33241
77399
86311
11635
52564
2303
88894
78506
24891
41556
10292
79112
74683
30299
46483
81039
6167
47729
25025
82709
62317
50921
75015
51885
46777
90292
48467
78010
1249
21937
51356
91803
92652
86996
58131
562
76123
54206
16739
75012
32741
50995
47780
23892
12
42992
5918
49542
51753
48930
85895
86661
74537
74886
76755
51802
5822
74232
84962
55216
37025
75096
83494
6470
48228
82459
17598
41276
34846
1742
77768
56633
79014
92501
83177
83851
42955
88018
69383
72833
29734
89263
6237
723
83653
55413
84408
50786
7755
1002
27585
47111
51012
42580
48695
1121
9316
54269
4087
58260
80858
47483
86862
38852
91844
90910
85422
45553
52547
55965
84248
53570
52736
3160
83993
77600
46367
80447
19756
64096
41189
88909
55573
5810
4642
9791
44362
56476
84822
84973
91115
44638
83652
71719
35509
40686
43077
85547
40055
31288
9229
84367
83774
73361
