86034
84528
83562
81397
76346
84379
84341
92681
76409
82300
78444
83687
91915
84432
78235
87313
85359
84448
79610
84353
84830
91317
79259
86216
76898
82080
76203
93287
85311
83935
76337
78996
84000
84224
84303
82849
83504
87429
83959
86538
82449
84362
86366
86671
88842
79281
83972
78863
80587
85197
81043
87476
85996
79619
82013
74758
83779
82394
76527
78702
79013
83953
86846
82912
82169
85402
81855
84854
86352
79884
82213
87213
82171
82828
83961
87590
85189
80377
82411
82146
81288
79800
82066
76959
85262
80376
77109
80273
82060
86819
85199
86070
81841
80429
82598
82615
80539
82620
87036
85516
83770
80450
78770
65678
77053
84161
80811
85251
86021
85670
83129
86086
79307
79520
76885
85406
74674
76704
83062
68201
85871
73582
78209
78026
84703
80527
85877
72435
78917
85419
79299
78678
78503
80151
78413
80045
85033
79014
84595
80374
81688
79189
81426
82614
77529
72692
70960
82931
79073
83976
72431
72395
77198
80307
80991
80696
76806
77946
77931
65257
75332
76607
81070
86404
78786
81036
76160
72182
80510
78776
70685
76483
74937
74033
70890
73016
76222
74186
74099
71500
76573
78113
76569
79256
81707
80040
73409
81748
76268
70621
77812
81534
74740
76727
76204
77091
71216
76997
74696
76378
71930
81341
71952
71255
79502
72236
75737
72538
81628
72838
76269
70290
73388
74457
80110
78285
73537
72645
72268
72462
70330
77940
74167
64691
71629
73379
72713
74906
72365
76911
71572
73899
67952
72366
75804
74800
70596
78200
71847
75376
74699
75797
70603
72940
72660
72464
70136
72450
77470
77936
74448
71004
76019
80918
72780
75273
77927
72834
74825
80982
72227
71062
79834
80092
80719
70279
71484
74505
74195
76568
78381
74785
76820
76818
72222
73364
74413
74961
75747
75366
67400
71670
80837
75097
79628
76050
70509
72346
14460
81304
72773
81350
77258
77769
65838
77956
75528
70457
6125
75179
74774
76257
68175
75556
71490
30706
64709
68328
64775
73309
67306
69105
6964
60254
68446
69247
64716
69802
62778
12681
65196
12344
64986
62153
62610
34150
82308
80643
80195
13742
27372
76020
72293
78105
79776
85690
70776
80914
77897
77715
76894
80780
81451
89433
41822
80891
77831
82541
78878
80247
79452
86692
77505
91001
82818
82529
77785
92071
84245
80560
84333
86034
