32501
84621
49590
51114
51474
91983
57588
86420
31499
51952
82732
86550
82043
73002
77509
58564
2578
63036
84096
37696
48314
90579
28745
82252
30522
30058
76919
77013
23548
16472
47818
69785
47987
34646
37278
44246
67419
57403
84972
80461
81021
84971
47174
42252
9242
44758
82074
83636
85133
13776
57591
52999
90054
41758
90550
55823
88874
78556
32323
21387
80812
36380
80706
72892
76678
90042
53669
29434
43433
49123
11833
278
85418
88211
59720
39897
51317
58180
17362
73217
36329
79481
57774
77761
43473
51290
40277
27941
89812
66066
4975
52907
88690
55217
86556
25257
49043
80999
34637
13382
33746
9295
43387
8175
86018
44010
27873
17275
57080
38234
79809
47091
83981
53862
30278
82009
82874
44982
81536
90738
93132
32158
8164
606
45541
86194
30281
55800
51862
83829
614
87283
72931
75411
82740
45921
8983
56798
85466
57709
29947
39465
30096
92860
75889
3238
78144
56275
24751
29152
4825
71932
86971
10880
32272
35633
72945
50391
3724
91335
77913
60205
45716
78076
5796
2830
40587
47161
24097
14388
89993
28836
31939
51724
46235
9290
13556
17434
17569
91711
53191
34378
52495
6887
45526
46429
86135
74815
41917
21430
53869
79366
80484
18760
80728
36486
28391
78883
76094
68679
41807
92919
64381
52433
44106
6465
77404
57281
45807
25646
50534
43123
76203
23047
42026
84411
59711
81296
47831
83140
90220
3651
82727
46387
8636
71712
86475
34169
83615
63024
91495
84407
84533
83571
79230
79043
44596
6856
44337
39632
442
42081
14657
3119
30867
75316
73580
57860
32745
85605
43257
10804
41680
43492
34560
82611
41147
50114
54429
61227
33326
34990
74259
51205
57200
55668
4988
84510
76556
42355
49626
72193
86049
8209
46689
49715
87476
70363
78490
83071
51526
78718
12278
42435
4183
43342
44011
47176
38146
20392
70804
52740
2002
51749
38866
44686
62330
86949
87950
44699
85783
645
47398
76708
33339
50159
80930
43377
81632
44494
42862
86197
77947
81030
86986
45847
23206
77047
28046
57322
42129
56173
81381
11593
70302
78948
56431
86797
50934
91103
4823
72863
39747
46592
81974
3134
57414
16722
26319
76893
53880
58979
91327
48491
34518
43696
44725
39766
85761
33864
81726
76373
88715
67585
86034
52993
27105
28728
81613
88725
54917
5089
52633
74603
89480
6406
17094
77164
80569
44193
72647
50331
24051
57723
86950
81562
91317
5090
17169
89774
77469
43873
44002
75630
61860
125
84372
48116
11433
71707
47336
38855
39420
82706
35597
11599
90093
34759
10828
6004
60258
71498
82539
76970
40214
91248
81921
651
87518
79605
31364
57027
41934
30903
45368
91326
71590
56124
52901
77395
50149
56506
36816
91909
9072
43061
84546
84224
82022
51232
86369
10586
84882
32261
49529
56159
73055
70780
86368
44599
79826
35443
88768
84799
51860
33398
26933
82086
20829
91838
5754
7132
87327
5791
74238
4382
90486
41496
85645
42687
88494
422
92378
74228
36244
4081
32729
27447
9270
67405
52007
290
74527
81150
4088
81365
56488
73588
45984
2181
10492
33611
53139
70920
48522
90747
70176
24534
89612
37212
89433
27762
43865
53793
6908
74298
92496
15527
47771
58190
51089
37956
6280
23023
56106
54223
86699
57312
1909
84274
84289
75888
81305
87899
24092
31371
47321
48143
76892
81147
48523
46690
80086
39856
39474
51384
44449
88450
8649
93125
40006
79340
87013
16292
8775
47178
73646
36210
44077
10338
81245
43805
88557
53773
81633
38251
89628
26127
88665
83023
90929
48033
87587
9058
8968
89222
39982
78750
47231
54420
25520
87428
50462
77194
39963
23627
39651
6401
31172
47056
82974
84183
37245
39184
81028
53713
79288
1594
74413
78873
6437
31977
27880
19945
80
86124
89460
16243
77561
20545
46028
45475
88892
85700
10560
47416
6268
44705
76851
50365
31026
57374
39043
29320
43304
39781
39119
39025
30971
66591
74404
84682
49963
9461
4469
53003
80386
68498
54242
47090
41163
911
79436
76340
90375
49199
78106
4496
9800
78609
10455
45631
37712
37898
43179
52713
76259
21919
29403
23027
49651
9305
78001
76429
47663
1132
43646
89091
43627
78221
54945
71278
63567
41500
75835
57191
78440
86884
78611
51673
88167
48918
40105
27194
29340
37417
30718
85841
72262
32503
33744
44448
473
36335
44255
49150
91719
82369
7498
77734
34461
47600
43057
81518
2229
79091
82581
574
42560
1461
85448
6666
68835
44239
3115
41536
56803
43350
72578
90601
52510
39991
43828
46389
24068
41909
30641
54253
81011
86220
77775
51097
89980
61248
37803
10576
89800
9061
48392
81340
59755
30528
7248
2795
76734
47597
92592
37216
44194
42022
76225
55432
34824
85388
43965
49007
54089
42030
80068
91254
34807
53171
91174
47065
12729
50463
89481
12923
49783
16402
47824
89100
70533
45835
17645
75763
52842
49119
78637
1404
86931
10410
82002
25135
56134
84889
78735
4895
90425
51519
79756
3838
78444
79950
35765
53418
80008
79217
25642
44939
6425
83640
1800
71257
85161
38063
34936
53763
51210
86714
37269
85534
76402
40287
31869
7379
66654
50147
75773
22629
6111
59714
19454
53192
48645
12994
41833
18311
80869
85734
72127
34729
27562
47560
92719
21176
24719
78571
72224
6284
88817
50987
30458
65542
23665
89655
88686
58569
91085
51755
24769
81075
32812
47620
9010
46190
38402
24672
48330
78169
47765
29523
91088
53868
46127
26050
92878
33891
44623
71703
80707
64359
41976
87023
17586
51452
44050
55956
63458
55792
24773
87171
25178
90786
998
90277
82798
88508
82045
50923
41600
3764
66333
91596
72212
72223
11288
34789
78235
51559
5690
31177
78659
40986
92118
29099
57146
61216
50825
46686
53346
78905
55464
54324
44742
1536
41144
73742
75633
9056
47511
80614
82322
39769
83781
92628
9711
15015
41772
85909
92813
41425
5189
47099
9069
89598
48713
77258
56811
31161
38053
56882
89710
80719
31336
74261
12750
74639
46045
37735
54956
19360
3459
89917
41615
54234
79337
78492
54115
50291
47151
78921
78514
52703
15664
24327
49960
80950
43161
34017
77955
82659
85665
25179
76620
46122
19863
88656
76983
35106
12775
3805
51044
39546
80962
41652
31934
43521
42126
33365
84800
36829
47014
53029
47647
56752
80969
72886
39058
88108
87577
31498
50965
86600
31333
50910
25598
85082
29878
55797
52534
65750
50817
86429
64365
50588
69759
80496
80062
53912
57473
32697
52325
76056
56418
39922
90631
42046
54951
44130
11693
91484
41979
45632
10930
69287
33992
36751
70962
14014
86359
88712
82039
76519
34133
22701
42146
55740
51858
87353
2705
9634
42886
77945
89795
5589
69240
83711
33086
52097
29279
47023
78094
80889
24044
49656
56860
25295
39154
81227
73036
24574
30649
9004
87131
33618
61779
80765
44748
43244
47792
7514
91332
87981
76117
32171
53122
30662
48394
42219
80600
775
47399
6118
50672
79934
39399
2165
30263
80332
2025
92781
92297
93114
39680
87911
73267
75882
82587
49962
74414
1564
86087
14491
93436
31265
48140
56447
22071
7353
42283
86815
83297
1667
51349
41263
74043
79945
15635
38151
46676
1295
7517
77020
48300
29563
8014
50541
8976
9693
54747
35317
39808
48362
90854
79221
14018
78605
46535
86130
52161
83242
78512
84186
28386
75581
40061
37372
72021
82031
8023
52108
39349
15132
90975
51026
53120
78524
87888
9615
4293
39898
77437
88541
4012
4095
78972
58024
54759
15277
45448
73669
82878
83134
1626
52658
77716
42447
56855
90839
20006
80251
53353
42974
33428
50521
38384
58169
60752
47350
36892
28821
15458
39115
53180
82734
61530
89175
23883
86451
7027
60798
49566
32900
55509
13285
52528
71756
82040
36485
91073
34003
26238
39974
82499
82502
58384
58270
41580
60674
79297
92367
55385
51040
88739
38534
89622
46684
51631
30990
4189
66560
40057
86644
48917
6469
24974
49099
92003
51299
50748
12539
88336
51456
81237
82323
30983
294
78640
80480
89549
31776
83562
71490
34516
51525
87894
24249
76336
70833
14480
4385
42951
82138
45849
26988
11245
79238
52531
78290
22411
80426
48878
16300
24856
47859
71614
30418
49862
87880
18324
89687
36209
35476
41551
90094
10817
29370
46783
9676
814
86057
93426
88518
42892
70551
60308
89492
86592
13
4937
35376
25513
41714
32548
57370
56751
55978
41800
53392
44624
61429
82337
79603
37547
5446
40406
33131
51112
42477
77234
41806
51825
87184
50956
24028
44759
24944
86230
71903
86718
43202
32584
5834
31880
4828
89847
42302
46162
83686
47797
602
7246
88351
2196
72986
69987
77454
68166
92884
30247
30859
37743
85023
33196
87323
36754
9437
49076
47796
1252
47871
82895
71807
70985
57944
72773
87266
5742
37509
47349
25599
44715
76030
91423
40448
47342
39685
33904
41770
1060
84575
86299
83919
31995
44888
92104
52591
26511
82860
84071
83356
77177
1056
18806
83179
21922
57559
3397
54236
80164
57557
1998
46348
51967
81373
36073
29347
75010
47508
81254
39261
53410
55746
53241
12918
51698
44467
49851
276
63656
48909
64922
219
86161
27913
33007
30777
40910
83980
65404
43204
48761
38932
6864
78219
70633
53875
38406
43036
93328
45246
34085
90866
20127
78467
70512
79003
26089
91512
53821
88248
86599
46148
43639
25693
91029
85642
80189
11120
55984
27631
31226
34649
36496
35127
83595
72256
66354
15457
81683
76982
76888
29027
52490
50535
11078
45856
82908
50969
79110
28061
83253
37244
34174
55697
51304
45642
4317
48250
7279
77398
77967
80522
80891
59014
47898
8655
80383
53814
79465
43483
81998
50831
79276
85941
34754
85828
92075
48578
30659
39173
17528
34662
50433
84479
46436
79197
46208
47457
87864
92898
32670
78174
32196
81484
89025
16497
47664
46433
68081
83384
57298
86568
32185
17092
89833
39731
79653
52122
77043
79228
78435
47310
10217
90352
87475
44102
83116
47388
14987
4352
39057
63076
71567
4089
64803
50605
30514
86210
22699
85504
47596
79037
46635
48319
48727
43380
85602
63845
60760
32173
91447
69909
49325
93172
40668
89201
28037
76808
30139
43307
38119
642
49164
84893
33121
29610
40195
56514
89179
7078
90219
88740
3739
40370
79722
26506
27691
48637
85603
36519
77907
49906
73402
39232
90882
11886
53167
30769
47158
52332
15767
6614
89797
46749
3827
91624
55975
50656
56048
20469
77146
8966
47270
85968
45644
80798
30216
84943
9816
62263
31992
51882
78225
39675
2361
62021
82595
46961
71523
91928
77566
39036
11208
92926
75108
43187
53984
80980
78960
19444
91588
82795
54778
79353
67003
61606
90867
10898
4233
48070
82856
52428
42449
29305
92559
35486
13571
145
42774
31276
74609
71044
42240
84596
15940
47370
6255
50595
43190
78784
79949
73200
9745
81490
82501
13590
30626
3792
17106
6697
24226
61210
38827
21716
6656
69765
84145
84696
89038
48701
53153
25039
57814
56342
92500
26080
26910
76404
44663
78073
79870
9610
36506
41743
51925
76622
29814
78871
78430
20987
59013
73469
42924
41701
87195
79243
41475
76434
20045
13923
9925
10345
86419
84014
47923
59730
3141
55653
76018
90197
91982
76832
51826
36497
45389
84539
78224
80341
89645
49942
14512
78457
47311
78893
28440
30825
24724
28167
92720
47649
2169
38535
81114
60753
86338
4551
1863
10159
89867
57724
47203
35378
77707
1187
48404
26024
56351
63233
46038
50280
5774
74234
72964
80031
55805
70507
47338
55213
36552
78695
5692
39918
47513
54487
78034
258
57481
55909
48555
27361
7085
45267
45322
51088
29548
37413
38367
44819
77264
47888
75557
35156
36348
35279
62013
56233
30140
19764
88172
1537
29383
76299
44693
18049
81398
11267
35587
3619
73954
3406
78188
86650
86988
79548
38876
47801
90797
30152
83255
67362
60101
29381
28260
12330
3400
59656
49097
71408
91642
24746
8038
77014
79233
52270
43912
37960
46236
44585
12698
80652
77471
14870
7116
80295
48281
88536
8042
21169
51403
48599
89423
81225
92883
56370
49898
49669
41108
85270
28114
6037
70496
47008
7749
52481
80347
32567
42359
56265
71063
2414
10488
47972
41545
35937
21171
79865
79743
88736
88787
44093
79148
27757
29392
45903
39576
84448
84384
80672
33692
77154
92296
31956
57228
21056
55712
76139
9874
18856
44988
39706
42633
49855
70316
46283
58003
623
19322
12937
30687
70973
31987
63823
14693
80458
52328
50423
4057
33936
34490
47381
38197
85528
78170
86590
50133
30720
92925
51053
85955
28062
85938
30998
3859
1803
58582
91552
48197
76114
6477
75214
5114
51564
83565
47000
25071
84513
37061
38336
81880
25586
45316
91502
47026
57361
31852
6412
13938
80616
51710
5151
43111
88955
43181
82114
27320
90851
84568
657
64918
45551
73910
85899
82907
90697
3207
53205
44711
36270
91261
37664
91399
40780
48403
85141
91885
56557
79320
5799
41218
34213
85380
79558
54652
87474
33559
44660
91435
55625
51887
45650
37662
72974
28869
39832
90040
51806
6342
27816
38149
83533
47821
24987
53198
57769
78437
52102
39617
13778
5389
59605
7848
41805
35961
45764
43069
85772
48905
88161
53004
3920
89991
53788
9245
79303
41611
81672
45820
86317
15525
46967
36345
16920
42189
45388
3122
86658
3958
47938
77603
74652
35245
53143
49973
41027
52926
33880
69321
43894
77719
75622
10742
54485
25482
46694
66599
86668
1553
53402
83918
50363
93430
42885
90859
52494
40475
18203
34039
30110
52482
50567
93318
2933
42881
65496
56743
81494
82673
70896
92293
8041
61723
74227
81268
71269
44066
86544
91481
76460
78559
86501
40113
78844
87946
51889
37331
40678
89898
31314
79437
70109
86502
26298
78516
77362
37979
84887
85071
26715
74602
50570
3443
91185
74782
17109
86886
81086
81858
27001
33258
71478
36510
11534
32452
85935
76809
84108
25320
56429
16368
2340
79059
85159
26388
5278
32364
51927
91585
59511
48598
82945
64022
88347
24150
88770
46636
16656
3464
547
83801
86282
84997
56661
69147
15329
75127
85011
27756
1110
44883
75392
80584
50355
78899
49949
43255
37909
20570
7500
53593
57553
72791
62503
23895
72378
92184
30566
76226
79100
39737
10811
88670
92052
84692
3403
54254
72404
21594
80775
1581
88829
45009
23890
37678
85321
78080
18460
70619
72768
54908
45697
76153
48911
23471
43636
44107
82829
35761
79857
50136
86228
88479
85142
27916
29490
56412
78422
3905
46406
56536
66180
41039
61211
50901
23604
40597
38347
76048
76999
9497
91734
23712
53148
47084
36063
74981
53595
83797
6857
82334
88652
9662
32312
29409
85993
5746
47378
77902
8889
47812
49537
71509
60514
81078
43461
35412
38862
79867
2012
92950
88678
46955
54775
1514
69692
42480
35941
88407
7044
49894
81607
3768
8170
47846
44802
26468
34194
54572
53982
30976
86692
50600
91835
52809
47012
13348
2428
91429
84947
29515
81543
83923
90079
9403
47387
9581
52991
43358
19467
35508
56398
43527
78482
92398
29668
19596
54996
91176
70478
29375
67205
80354
40585
51118
47776
1085
45339
83084
77785
81550
76015
7518
54906
85089
84283
5967
88164
3206
8039
74491
25519
36325
83006
87879
31746
76433
49972
29230
28117
82991
10625
40576
10665
48742
28713
76406
37448
79031
85083
2095
31326
84987
8684
44723
49519
54766
41175
10956
818
85997
86077
32713
54378
77712
45527
30696
3687
53792
26185
72868
39202
59728
7697
7074
82647
34337
66911
30581
66099
50563
30375
76145
49858
71854
25833
39930
77895
9559
46809
78633
74097
86731
29294
78050
2142
81007
12248
92181
37777
51228
47585
6065
5434
52480
28614
77595
51931
72825
70190
32461
82177
45560
32062
41608
78352
86483
25666
47162
73060
88423
51402
88097
81477
85128
45545
43250
86421
1040
54774
31095
83682
61868
90524
10823
86890
16337
77057
37540
777
45099
47988
37668
85387
65717
71461
36153
80627
37969
77687
26928
75828
77419
16653
57999
832
50725
71487
76897
90924
83081
16772
50793
72581
77774
231
10137
92352
52059
78997
42394
44626
40624
47267
78588
90039
531
93019
48734
81401
88782
70600
90983
29400
5773
82527
87204
89130
76614
41959
50528
31526
33797
71197
91548
54543
48402
76587
28253
56205
26822
80755
73724
10995
32292
73242
46994
28766
85907
4492
57074
32163
38675
18033
76346
85278
91256
42093
82497
3124
53597
33751
77996
44994
46816
91203
40373
91730
6462
51034
2635
34302
84524
48591
48047
31260
84855
4086
84471
53810
4960
56041
87312
30073
21046
70185
15658
40590
41765
12869
50927
68610
23689
27651
86853
34416
15900
90549
26972
41745
43637
4900
48924
86411
80753
25029
80821
47568
57856
1992
92058
56044
48823
33345
83393
38443
92972
72335
75604
40584
76106
8633
44115
7055
976
91507
87414
31922
78909
7039
41877
3229
28736
86033
42916
47279
32701
29820
17087
1666
76482
85668
90045
27998
5195
17085
33448
57235
82697
66296
51614
49952
86739
81525
37925
50847
44046
88506
48288
51111
44508
22928
53554
51636
72423
73543
84421
84245
53888
41717
44349
87090
32295
50139
32282
87087
17679
82677
84536
91184
80667
70207
90802
52651
93195
9959
72402
56423
53806
80184
75350
4298
43393
45003
43895
41803
76646
86448
84752
7362
56895
47094
48728
269
71455
79239
39990
86548
48704
85793
14017
85490
92558
7056
46214
84537
43674
85563
1968
43645
47354
3907
47359
56295
82761
1274
55719
31330
34314
43513
16655
85138
78079
66863
55981
37200
87271
55545
17827
91376
85068
82222
55702
5323
51287
82333
92211
30068
44493
48309
82809
74492
37495
81385
44554
24595
82639
467
31049
80589
83789
86649
25961
38216
1076
28147
41937
26547
41113
47006
48328
1210
79932
8964
79275
33887
74734
29613
42475
270
41966
30272
17279
87092
8097
54584
72218
83490
40333
81226
31780
38692
76904
81940
51617
72040
80471
49897
34259
84184
4117
46685
50868
82080
85377
56129
41244
72760
22925
90413
76128
74850
11616
29698
84885
42365
12962
34684
90984
71775
92272
17841
53396
78320
50202
78035
50955
77897
84789
48643
78062
24218
84560
86654
87142
19476
43517
43692
18443
63531
44427
5744
20245
49066
8076
83583
41104
1977
2799
91794
44417
23544
79887
29048
21865
31687
2006
48031
52117
91221
92875
52014
8244
32092
39812
85411
46213
91487
86387
24271
78304
11646
70340
79178
56529
6476
66733
74581
39690
39871
26004
53860
78300
80247
47946
51694
37573
44951
1019
4881
86793
58981
36543
24745
4942
65887
77111
34570
81207
89805
57634
11907
47393
78072
47005
4191
15524
45828
80914
72565
83100
68754
92261
42652
58386
52509
53145
3170
50360
78054
81465
69661
71488
88437
76550
85364
51723
56696
59040
80665
79636
71975
51696
87404
44486
29746
38199
58170
10061
93037
10442
75176
44998
77639
47668
35479
88673
32161
57368
37885
84072
70413
861
53716
79930
78969
86594
45616
70776
16476
34271
83668
54228
85702
36004
820
26228
75051
33805
88103
3936
43750
8952
91441
49568
49870
25020
85207
26324
80463
7836
53014
64098
77465
78863
34094
41951
31132
74747
78096
88754
80075
82048
41140
87021
26020
76742
13572
92207
83478
64940
89270
79586
51746
90648
83374
7936
10450
87869
73792
15365
42095
29333
74121
85320
54980
7509
46750
42446
28897
41320
49313
80217
48221
4903
36648
36033
39572
27174
45892
17481
52905
50730
3989
11846
53800
50698
92800
73974
40530
20302
72782
18481
39727
80574
51641
80641
80482
71051
47431
85479
8481
51489
19800
41754
26706
50144
76671
77405
41831
79134
6257
21421
70923
30168
70320
51015
86885
2307
47945
1527
77436
44721
39015
85284
91675
72192
86468
38398
78081
9064
82699
36093
51042
48263
10989
1520
83241
49075
53688
41539
47327
38579
82013
75497
46652
3629
82894
32388
84806
70494
28104
89493
53051
51029
89414
78211
33931
68398
46861
86795
9616
45261
38070
92700
79484
77741
18903
82037
4353
77377
83581
89275
2854
30167
9239
79877
4177
4179
69181
4613
83500
52836
44061
54885
5091
27006
52587
31920
6433
76653
808
74844
89019
6660
51572
54105
53629
31488
70618
29942
50459
48533
87330
75656
89182
3411
11650
50949
47319
11058
1214
77908
89298
81267
72053
80243
50195
51238
52548
93327
11276
27908
29312
53683
2890
420
27430
42547
15588
40782
9695
77242
48822
48287
76370
35262
81960
45964
24207
57713
884
82947
91096
20175
46744
45561
6870
78910
45336
8182
47626
84355
27525
82664
86932
49853
1215
27903
8643
75559
3428
78077
5437
51574
86700
10119
47550
29353
82815
84271
42737
35238
48609
52497
44523
62984
34244
53169
75774
42471
23776
28315
47985
93428
28484
18459
37671
13469
57704
46582
52563
32501
