59942
60601
57459
58747
57307
59565
57479
59054
60270
59941
59046
58119
62188
56940
53816
56110
59973
57848
56126
62117
59252
59452
54621
55579
55461
46859
51275
52821
60602
64008
62653
61815
54476
59244
60793
55839
53685
61587
58095
54384
59761
59629
57756
53490
52832
54173
61820
62378
55931
55606
47461
62386
57159
51681
49067
50214
54724
53336
49346
57851
54155
54928
51506
53453
54638
53499
53069
51578
58187
57560
55151
57956
64077
54627
61466
57802
55135
61561
55206
62318
61227
59246
54576
60274
58337
53606
58320
52359
50319
53433
55014
48693
46746
48871
53774
48377
56938
58370
53112
52722
52360
53778
57283
55086
57983
52801
47721
54750
54900
53966
48107
56455
50305
49501
50990
56258
46918
49914
49709
55441
47641
51092
56724
52175
53055
46756
51071
48765
48302
48859
42393
53927
57243
47694
49691
49367
56106
51205
51905
53769
57941
51695
42513
47584
50540
57977
56028
49762
83501
53028
55956
52206
53863
56675
56175
44415
47618
57709
49220
57220
53299
55041
48123
49035
52954
49300
57368
63236
58206
52836
53723
53204
55959
53241
52961
56168
45714
50749
56504
47253
53201
54420
56923
53109
53910
53857
50733
56666
57473
57610
52365
54977
52229
52677
58349
53395
47418
52945
57648
58341
55975
56765
49422
56412
50622
47514
46946
41093
52112
57049
49799
51009
47759
55509
53073
57904
49481
54954
47494
52907
85400
47993
52484
46401
56048
49127
51687
53852
45839
48816
44774
54199
47387
42718
56629
57078
49086
51574
53456
49309
47765
54263
51544
51449
47499
51214
49961
47307
42490
44697
53163
49723
49145
53306
45897
46416
56797
43504
50477
48319
53392
43859
51696
57550
46122
49537
43221
53877
48842
51782
51794
54415
52529
47860
51081
41000
52565
51678
42584
47119
47363
45260
49888
47359
48903
50326
37118
52497
35332
47076
52055
47181
47012
44891
51806
50923
52164
49534
44469
43854
49685
42746
50938
42110
44730
44093
24610
43580
50273
47968
51925
47014
45549
52327
44693
45623
47846
49955
42305
42395
41233
47568
43105
50956
39053
49963
50541
51386
47186
50952
45299
40642
42127
44107
45959
51382
47508
44922
39557
50292
43612
44957
42723
36701
48084
51976
42216
37730
47841
48366
45573
43435
42671
47059
42065
51715
51346
46072
42700
43957
45249
42481
41545
49068
44255
46624
39622
46386
41896
43361
42492
42962
36483
43434
44559
51236
41385
90487
39822
41769
41815
43444
47325
43176
43637
52341
38414
49164
43423
42221
41657
51231
39062
41296
43303
47464
45595
44493
40452
43962
40574
45472
39087
42157
38102
39124
45835
39406
45609
43788
37351
44443
40045
37817
41701
37801
46301
41861
37129
41826
38602
46306
35267
38817
41777
44766
35945
45336
42784
40411
37134
35351
36952
46522
38650
44438
43061
36380
46348
44504
33864
36448
39979
40468
31370
39664
36869
37538
39483
1696
46258
41166
42355
40579
36463
31868
44591
42823
39875
45176
43689
46482
42228
41721
36950
42760
38548
43076
41158
42191
44061
44524
30658
38061
37748
37788
44578
39384
38964
35764
37216
38354
44518
32604
32185
36643
36071
42534
37593
37661
35224
37409
37712
33785
87991
35530
39287
37411
36475
40373
32704
39606
36967
36172
34332
39898
31167
36248
34153
30493
36596
31345
37695
39858
29515
36113
39435
35271
37641
33550
35448
34076
46568
39616
38633
40717
35277
37910
36034
35904
39578
37636
34794
39412
33858
31959
39777
35598
29385
34205
31975
32741
33853
32760
31328
30590
32730
31469
38268
39268
37307
34135
39704
33882
27263
39779
38473
31772
33906
33903
27525
31860
30955
37041
39217
36682
34826
33238
30289
34115
27873
33563
29856
38736
29396
33842
36697
32341
30931
31039
39702
36914
40447
37045
37038
39848
30782
35636
39146
31915
35435
29316
38130
29509
36450
33846
38476
35682
31421
31108
31832
35876
25418
30240
31796
32850
31016
84388
38219
34168
32687
26907
32471
34600
39347
31104
26027
32238
33204
36296
31853
23687
32655
29864
39141
32444
23795
31767
30778
38452
27036
30808
33565
32571
32086
30821
31942
24759
39001
39003
33456
31695
27848
29968
33816
27715
34443
34161
30218
27828
28912
23824
32278
33733
36359
32810
39555
31422
33947
32382
28234
29429
30271
35002
26225
33684
28377
25510
29277
31444
30070
34690
31538
26435
30442
27991
25042
31136
25058
32820
29006
33119
26484
22180
25898
28168
29008
24696
30250
34788
32716
29801
32520
32004
10937
34272
26703
29586
26572
29794
30788
34888
30020
31196
27960
25194
25089
28096
32658
30494
20920
26571
31072
24858
23601
22518
25862
30315
27665
21109
23916
17801
18942
23659
17787
31199
23960
21373
28224
33366
26650
23595
19172
28717
20037
26669
18345
24834
28627
21045
28082
27979
17691
28074
27740
26908
29106
28130
26590
25280
20239
25300
28214
24791
24903
22396
22811
19471
20855
23150
28782
20019
25876
23902
19192
28503
19167
26755
21325
29113
24394
22693
22392
30024
23850
29055
19335
17982
29110
25853
22968
33108
24396
21873
33165
22469
26494
34454
27629
24703
78592
23497
25804
32834
25283
17826
27086
20900
29104
23785
25289
17708
28788
22519
19931
27245
21782
20499
26603
25540
27535
20250
26231
24431
22634
18844
23591
20291
25963
24697
22008
27138
22335
23990
21861
22824
23169
23107
19932
20666
22245
21479
24303
20004
18065
13838
27327
12200
28355
18484
21995
20157
23045
20859
19230
17622
20308
18692
23443
17185
82354
13443
13041
13772
21681
19663
19204
13417
20617
20864
20577
13199
12261
19421
13661
21139
22043
20928
12729
16534
21976
19728
23247
22271
20295
19910
20641
23275
23316
22880
20894
23219
20816
21917
19458
20221
13629
14770
17943
19447
17703
21241
20995
19260
17152
22808
17951
23216
18663
22804
20428
17961
15883
17611
23121
20322
18000
19404
22915
16702
23223
22934
22179
17868
22482
18192
14118
14567
17154
15829
12763
15511
12532
15712
16936
16356
19515
19904
13185
17300
17156
19194
17201
12917
15025
21082
15806
21444
16641
15271
14078
14968
16018
13461
21690
18612
16090
20446
21210
20921
12448
22136
18736
19055
11938
21488
13265
18818
16363
12703
14281
16238
10417
16116
13007
16243
13142
17619
16056
11861
16246
14157
12166
13856
15949
15919
17368
15561
16819
14006
12127
15262
14675
11992
7073
16823
8928
7213
16671
10198
12161
5862
10990
9618
7962
8868
13922
6576
4079
7777
9175
7587
17200
9038
2426
11565
9900
2956
7318
6746
11114
11599
9196
10168
7730
11631
10538
8263
8449
10170
8686
5212
8104
10880
6696
7300
7310
7265
10511
10214
8893
6342
10359
6343
89667
7683
10626
9198
11593
10404
9911
8824
6023
7880
10292
11244
5781
6889
6856
2429
10946
5401
2882
248
3617
2088
8784
2842
10969
1237
726
10453
577
10382
6089
494
1750
1129
3004
4566
9726
5979
3547
57450
7448
2005
1661
8634
5398
2810
3731
2602
4749
4184
7993
2930
2611
54178
67539
81896
73382
68847
74009
73194
71409
69724
45311
71407
73733
59893
73740
60209
4970
67377
3025
73836
73739
62659
64089
68241
55259
63111
63096
59085
2024
1125
62951
70016
61056
61170
5356
60397
69046
67371
58610
59871
63914
66822
67253
65331
60822
60800
66186
67731
68024
61209
69339
61622
65325
68824
66103
58590
66584
69683
68097
68139
67490
59265
59762
62902
53250
66895
59045
66149
58655
68156
65718
64081
63589
60167
64697
53864
1946
64347
65786
67593
64335
64351
60624
65913
64393
59268
68927
61907
58889
63337
57601
59208
69093
57694
60355
63015
62504
61532
60663
57246
62219
53828
55004
63560
58631
63498
61205
63730
55798
60098
57734
57311
62128
62934
52826
64221
56039
55007
63175
55554
53447
57891
54527
60135
59895
53707
59489
53983
56972
60673
54719
53019
52981
58217
53469
55328
57484
55997
58879
58920
67310
54640
58863
64140
61889
53809
61015
62255
61655
63783
53920
59288
64104
56147
63840
55302
53423
59042
58564
58239
54144
59769
63073
56200
59303
60310
63508
57226
59437
54726
56068
63985
56165
53531
63070
59564
63476
53729
60406
54709
63782
56377
55142
61214
59705
60282
59942
