50233
55605
55224
55543
54966
56147
56372
50360
58094
58377
59291
52546
58060
44742
53229
56559
62908
56748
49197
54325
53072
58558
50802
49654
55465
52604
55392
54305
59265
57686
53380
52162
57625
56440
50942
57717
56481
57161
58123
57420
52184
54578
58889
50920
59217
54010
52947
50099
50468
49491
57270
50310
58188
51336
55625
54828
51098
59018
51889
58138
56743
54572
52316
53245
58221
50858
56755
51174
47927
52500
58948
52248
59475
52150
54317
54987
51695
53891
53755
51916
51242
51449
52944
55104
52856
58831
49852
55078
54852
50458
53602
57851
51315
48273
45401
39441
49237
48736
47029
51402
10663
52119
52972
58820
51367
49971
55066
43800
43709
43805
42819
56866
47200
37530
49277
51110
38837
55531
56068
52770
40949
53511
54137
46001
52091
47205
45462
47166
50057
54192
52093
49291
53012
46626
44708
40672
50378
51015
48857
40946
49017
53533
47037
38201
39528
45111
41535
50125
40526
47243
40747
52674
52689
43074
41594
47121
46420
47630
43061
47926
47825
42510
40126
47853
48232
44579
48093
39571
40912
47751
40153
40527
47260
34478
49681
45552
45249
43167
42500
41699
45305
48694
40901
43171
44648
34078
33811
45483
41865
46258
41868
47201
48665
49897
43406
39331
53381
40829
46215
46890
45729
47359
45857
45212
47218
39808
46304
45731
47311
53860
39637
49889
48153
44367
45228
53399
45672
45414
51181
43799
51552
44953
46792
45653
46347
43463
49164
50647
46044
44845
47551
48950
46643
44577
50110
46476
41758
50828
48140
47622
51582
49843
52067
49577
53232
41686
51698
49410
52561
52346
86485
53304
49249
51996
49432
49131
50977
41172
52875
53025
51144
84457
48839
45441
50324
51406
5477
81773
52766
53748
47336
32424
85785
52743
52986
43131
43373
46749
43833
51827
23450
57211
8494
49529
42617
22837
49620
53627
19298
55172
3013
56021
52524
83520
57997
12249
54964
59370
7295
56975
51759
54859
54671
78811
6140
57592
54237
4714
55564
15354
17290
56983
56257
58164
59629
54583
13915
54846
54759
58314
58746
54659
49965
57891
54347
61160
61822
61863
57836
57748
62623
61324
63859
59871
61154
59990
60448
63863
61487
63480
59930
64215
62248
62827
64426
62924
59713
60709
68424
60593
64794
60132
59722
62778
59643
64835
64237
62396
61819
59639
64288
60490
64893
63089
63302
63038
61887
63147
56845
57180
59805
62339
61470
63645
60310
62572
60940
63882
55639
59780
59775
60482
61240
58403
60110
60939
69930
58688
60456
62812
63050
61437
60429
62149
63288
59884
58006
60739
19336
62979
61378
62267
65028
62542
55833
56675
55845
54477
56933
61250
58522
63639
64575
55013
23692
58364
57435
64172
63045
56352
54265
63940
23732
56258
56421
50798
59355
55823
55842
58447
65045
17902
13758
19051
60479
16531
57370
26745
22924
53955
17427
10862
58464
13625
50121
60122
13145
61444
13287
60348
19426
51034
59815
53523
62781
56264
18364
54410
53039
59358
58772
58239
55801
54909
52511
62288
50576
49066
70451
56145
62677
58113
64619
58783
62925
55606
59807
55811
55749
54448
58032
57968
57817
59325
57009
55731
58346
61482
53002
64676
55400
54388
58791
51364
51598
55689
64682
55003
55674
63693
55262
63680
63216
64327
49805
51177
58666
55433
59432
57669
49966
60814
54375
61575
50731
59203
51522
56445
47388
51513
57904
59307
51037
56340
51646
52195
59216
50233
