82664
84065
1704
85146
77629
82947
82427
86254
83072
83993
82653
1049
82118
85653
4628
84879
85723
84794
85360
82391
82571
82908
85863
82968
82237
39822
38929
79616
38058
38776
48769
48614
42200
45222
44635
47034
43399
44324
48086
42885
43210
38272
43855
46948
43936
33640
41776
40305
47837
34223
65450
47723
43053
46647
42171
48096
43037
35218
41701
41178
42849
44376
41255
41003
43801
40436
39826
43610
44634
45629
48464
38368
40168
40870
48176
47346
44552
44383
46806
46067
47489
45990
47237
48354
40840
39347
40280
46519
44970
43699
44163
38185
46414
44126
41554
48472
44728
45246
48069
40556
47268
47288
39867
40228
40035
46480
38061
71733
39972
41151
33375
42469
43827
46039
42315
38557
45724
48723
45802
42538
46875
40900
40350
47509
48286
45905
44643
40388
44639
30324
46046
46725
38305
42337
40911
53976
40967
41865
45483
33811
34078
44648
43171
40901
48694
45305
41699
42500
43167
45249
45552
49681
34478
47260
40527
40153
47751
40912
39571
48093
44579
48232
47853
40126
42510
47825
47926
43061
47630
46420
47121
41594
43074
52689
52674
40747
47243
40526
50125
41535
45111
39528
38201
47037
53533
49017
40946
48857
51015
50378
40672
44708
46626
53012
49291
52093
54192
50057
47166
45462
47205
52091
46001
54137
53511
40949
52770
56068
55531
38837
51110
49277
37530
47200
56866
42819
43805
43709
43800
55066
49971
51367
58820
52972
52119
10663
51402
47029
48736
49237
39441
45401
48273
51315
57851
53602
50458
54852
55078
49852
58831
52856
55104
52944
51449
51242
51916
53755
53891
51695
54987
54317
52150
59475
52248
58948
52500
47927
51174
56755
50858
58221
53245
52316
54572
56743
58138
51889
59018
51098
54828
55625
51336
58188
50310
57270
49491
50468
50099
52947
54010
59217
50920
58889
54578
52184
57420
58123
57161
56481
57717
50942
56440
57625
52162
53380
57686
59265
54305
55392
52604
55465
49654
50802
58558
53072
54325
49197
56748
62908
56559
53229
44742
58060
52546
59291
58377
58094
50360
56372
56147
54966
55543
55224
55605
50233
59216
52195
51646
56340
51037
59307
57904
51513
47388
56445
51522
59203
50731
61575
54375
60814
49966
57669
59432
55433
58666
51177
49805
64327
63216
63680
55262
63693
55674
55003
64682
55689
51598
51364
58791
54388
55400
64676
53002
61482
58346
55731
57009
59325
57817
57968
58032
54448
55749
55811
59807
55606
62925
58783
64619
58113
62677
56145
70451
49066
50576
62288
52511
54909
55801
58239
58772
59358
53039
54410
18364
56264
62781
53523
59815
51034
19426
60348
13287
61444
13145
60122
50121
13625
58464
10862
17427
53955
22924
26745
57370
16531
60479
19051
13758
17902
65045
58447
55842
55823
59355
50798
56421
56258
23732
63940
54265
56352
63045
64172
57435
58364
23692
55013
64575
63639
58522
61250
56933
54477
55845
56675
55833
62542
65028
62267
61378
62979
19336
60739
58006
59884
63288
62149
60429
61437
63050
62812
60456
58688
69930
60939
60903
63838
60022
60093
54675
62509
61591
59993
62641
56172
62656
57001
82417
60601
59786
61515
59992
60468
60164
63943
57390
62823
59973
64377
60454
68607
60417
61604
60793
19343
66733
64307
63701
60113
64659
62999
64370
59882
63899
63926
61198
61777
70099
61337
64141
62131
61412
60423
69872
64445
63392
61186
60088
69734
64658
61025
64156
64637
59833
66715
64628
66379
69084
5749
60901
68243
66324
70392
66022
63667
66782
65214
68455
66450
67709
69109
67970
70391
66080
65423
70363
68812
67186
60178
69398
61227
65841
61665
67895
68866
67462
66779
65216
63514
66940
65948
63853
68285
62904
60949
67459
67194
66401
67214
69327
68420
66185
69237
67940
70319
69123
67488
68816
69866
68891
69562
71801
65320
75293
64098
68995
65324
69514
67628
65732
71446
71559
71652
65077
66923
72125
66285
70343
74399
75065
72120
66079
69530
74505
72128
75546
71315
71300
72118
77891
73483
75005
75485
80941
65591
70827
74432
78312
79299
76149
72385
74749
78310
78913
79980
76418
76578
76169
79551
80292
70803
71706
76745
73085
77222
76202
77970
76719
79075
79312
77503
79958
76022
80906
78904
80523
76744
80048
78248
78364
77601
76376
76680
78878
78036
82842
82418
76452
83733
77778
77061
82888
85006
80722
83887
78725
82678
80444
76839
84397
83558
82684
82658
81776
82132
84426
77262
79228
82973
76628
81928
81830
81323
81699
86110
81547
85480
85103
85444
82102
84390
84686
83487
84344
82976
86651
82527
82175
85758
83665
84023
81931
86594
85714
81475
82150
81759
85654
81450
86576
85753
81623
84088
81464
81621
81626
85566
78791
83062
77675
78394
79082
76359
80106
85722
83146
83742
84735
80936
72867
81459
84226
86668
85721
81695
86525
81318
83833
82364
47331
78258
81610
84592
83537
78712
77622
76952
77469
86259
82301
84072
83143
78470
79907
77461
77216
77141
80796
79291
76988
77968
73858
78467
84594
80264
85860
84562
79430
81115
79653
80379
77252
85650
72642
79126
80613
83860
77209
79769
75474
34735
78975
37269
75982
80982
36157
78444
80445
79860
79867
76260
80960
78366
78162
78025
77484
78724
79213
78441
80179
80031
76504
77814
77829
78514
77599
78486
78634
79117
78315
80673
82143
80134
83252
83254
77594
76555
84645
85663
78208
81015
83893
74490
70565
79555
85012
77172
78227
83414
84036
77284
82546
82912
2021
85597
82474
83456
86396
83853
82664
