46420
47630
43061
47926
47825
42510
40126
47853
48232
44579
48093
39571
40912
47751
40153
40527
47260
34478
49681
45552
45249
43167
42500
41699
45305
48694
40901
43171
44648
34078
33811
45483
41865
40967
53976
40911
42337
38305
46725
46046
30324
44639
40388
44643
45905
48286
47509
40350
40900
46875
42538
45802
48723
45724
38557
42315
46039
43827
42469
33375
41151
39972
71733
38061
46480
40035
40228
39867
47288
47268
40556
48069
45246
44728
48472
41554
44126
46414
38185
44163
43699
44970
46519
40280
39347
40840
48354
47237
45990
47489
46067
46806
44383
44552
47346
48176
40870
40168
38368
47528
45349
43609
41386
47430
40106
44260
47562
44955
46771
51924
46125
39542
41511
41025
43336
42355
43367
48439
38042
39352
38447
43077
39215
41323
32586
38493
38934
41790
41890
40045
41013
48718
38134
43236
33074
42410
40668
41657
46632
42075
42057
38028
39015
41069
48350
45196
43935
38634
43951
46800
41006
37576
44417
38597
47568
48555
48782
46583
43748
48704
44078
45207
47909
48536
46076
43552
43878
44156
47140
48574
43810
41132
47156
46518
46860
42946
43858
38277
38276
43239
38269
40024
41157
42954
40218
39155
42787
42002
42796
41794
43352
42935
40208
38922
37641
38927
43082
40772
38894
35198
41801
38295
66690
42068
41942
38536
40838
38123
39798
42009
39213
42939
39055
43043
39817
42858
38380
35582
34432
42141
34703
35025
36519
35648
42539
38955
35757
42413
41614
35472
34121
35604
41226
37428
37815
33641
36469
32810
36598
34370
35906
37421
37465
36638
33803
33026
29714
36963
34656
33794
36439
34941
29419
37371
35674
32562
37607
36357
34403
33493
36287
37553
37793
36290
35367
40516
35350
34059
34438
37883
36150
37104
34250
35701
28713
33659
36433
36661
30076
37267
35061
36872
36437
32718
31630
37877
34837
35620
27644
40598
36445
36551
37936
35586
42971
29777
35571
35573
36647
37016
28393
32147
32673
32540
37807
36729
37837
33798
32921
36111
36345
36014
33732
28147
27143
28220
36451
29019
29030
28104
33208
30183
32235
27389
27802
28352
31938
28984
27286
30005
67215
29697
27564
29147
32098
31988
31391
23384
28569
29853
27343
37597
32327
29209
32253
33303
29404
31663
29972
28099
75715
27703
22908
27450
31481
27571
31294
27406
21989
30673
25466
31669
27444
30630
20283
31738
32173
24547
27505
24507
27569
31323
23177
29109
19439
26251
22881
68474
28864
23467
30626
22275
26353
32107
20694
22808
24622
27872
24957
31020
24224
27310
31498
29328
25140
26052
26235
21772
29513
22025
24770
22291
23402
25842
30403
22919
30322
27053
27443
23815
25311
62679
19469
32415
32205
23952
20830
26046
25650
24623
25031
21805
24485
23959
30415
24425
31039
23526
26247
29392
25162
30989
22949
23634
21104
23958
24803
26125
29477
24406
24152
23433
20422
23003
30462
17925
16485
18442
23822
26322
22347
28836
25435
26629
23491
22337
23968
18078
23627
24708
18432
24028
16540
18004
19116
23223
22648
32201
27685
30422
25208
22760
25729
23919
24069
25395
22436
22530
24584
26170
21849
20910
23231
29150
23063
26329
29704
23623
25696
24448
18473
23756
32413
23597
19135
21799
20146
23125
22726
20546
22613
12216
19283
21631
24297
26299
23609
23622
28134
25534
25515
23434
25949
24738
17522
24092
16795
25675
24746
20061
27575
22737
23040
24620
22683
23730
18394
21455
25599
18161
24976
19433
21279
20912
18538
20993
24221
20631
19788
24931
19118
18166
19219
25094
25187
18206
23562
24209
22248
19315
32129
14695
19756
26529
26619
20282
20620
16663
19092
6908
17997
19011
17621
15843
14888
22965
16534
25308
24999
18648
17729
15695
21365
18422
18680
18322
23945
25247
19571
20113
19347
25281
17138
14763
13285
19027
16369
61782
12226
25203
17901
11775
6795
11976
18682
19052
18626
24953
19242
14667
17262
25258
20210
13530
25535
21714
11166
24325
18092
21642
13303
20094
18752
11592
19476
15751
19317
19902
18001
22784
18697
17744
12432
25984
12740
16340
20375
19871
14530
12994
15984
11281
14501
15611
12063
17933
16224
18125
12521
15120
13118
19620
21196
21673
14616
14189
21007
14288
13866
11962
14510
6359
11277
12306
5698
12980
15208
12930
14074
15610
13314
15199
15880
11379
16095
12579
15902
19337
15665
18304
17599
21334
1487
12268
6618
18594
15729
14394
7502
12200
18245
15386
14172
14457
9961
20884
12580
13331
14536
11651
11396
12098
15963
9832
19782
19157
18317
10090
15491
12932
14321
6082
14278
15031
12486
4570
10538
1686
7559
13717
5542
1671
6284
15980
10329
7968
6680
2179
14742
9778
9475
6467
4411
7007
4505
7169
53254
8957
7980
1789
1177
1571
6847
3752
8605
8296
5958
83267
7158
9313
1700
10008
7757
3258
7910
2733
5826
2443
7171
6474
2138
1165
4137
6949
5923
5626
84115
2131
4133
5088
83078
77317
136
10122
7091
2088
77682
85168
1537
82607
1807
1221
4485
2042
6288
77799
81592
4768
3232
5291
85019
5029
8753
3711
77388
1605
82937
77157
83329
3892
537
4482
1737
1472
5222
6655
81705
81398
3891
82886
165
86381
83257
2297
10492
1938
80219
86309
4382
3998
5068
83080
82816
85275
85575
1441
7752
81976
1566
4114
2409
3022
8940
2412
79914
46743
10464
554
3649
81903
10748
2772
7636
9202
2080
539
5055
9887
86549
8626
5212
7639
9186
3564
9124
6407
1127
5908
8749
4338
2325
3767
8847
4895
2454
5228
1115
7257
1575
8612
8332
10494
3635
1270
8508
8743
7767
9689
10237
9637
9662
7438
385
7476
8936
5857
8433
6743
7492
7525
10390
8821
9182
7004
14178
9531
6190
6770
10673
10067
6970
727
7126
9249
9865
9104
9522
7268
12559
56002
15032
2315
8507
4805
11102
9110
13160
13155
13246
15896
13240
15172
5933
15376
7736
12174
11104
11882
9925
14670
15493
21250
11393
15277
7964
18957
20307
21397
19909
21226
17493
20621
16865
16796
18606
17054
21291
17520
16520
20531
17876
18438
19734
21349
20285
18977
14203
20137
20909
12876
21008
18275
16656
20453
13295
18920
20508
7703
19778
17396
17629
19269
16529
20110
21546
20609
19976
21574
21515
19689
20998
19308
19929
13397
18167
17399
20170
17745
20438
19313
17973
17243
10923
49882
15776
6455
5584
7106
12927
16945
19527
12236
15905
14704
17349
13723
6804
13928
13231
6645
13182
19362
15990
49054
17376
13290
6229
14471
7996
59728
67864
12926
53103
11610
56578
58420
13626
54462
56593
59064
64147
59233
58350
50591
58642
50696
54731
58103
62227
56435
52072
57246
9444
63368
59453
55680
50922
58585
51938
52448
63349
56157
51523
59617
49814
56490
45692
55880
57827
50883
50466
58897
59558
53285
55808
53713
53157
51764
58096
58322
41166
56832
55478
52444
57648
56070
49495
49396
52975
57885
57514
50099
50468
49491
57270
50310
58188
51336
55625
54828
51098
59018
51889
58138
56743
54572
52316
53245
58221
50858
56755
51174
47927
52500
58948
52248
59475
52150
54317
54987
51695
53891
53755
51916
51242
51449
52944
55104
52856
58831
49852
55078
54852
50458
53602
57851
51315
48273
45401
39441
49237
48736
47029
51402
10663
52119
52972
58820
51367
49971
55066
43800
43709
43805
42819
56866
47200
37530
49277
51110
38837
55531
56068
52770
40949
53511
54137
46001
52091
47205
45462
47166
50057
54192
52093
49291
53012
46626
44708
40672
50378
51015
48857
40946
49017
53533
47037
38201
39528
45111
41535
50125
40526
47243
40747
52674
52689
43074
41594
47121
46420
