19993
69718
60468
67147
63897
67820
21476
20616
21795
23969
16369
66637
74103
23701
26364
61348
67282
67283
63751
63533
70755
23189
29701
53257
65981
66477
22475
69871
74949
71903
31046
61777
20245
65903
52891
70952
22535
55703
24090
26896
63370
67488
61386
16318
15068
66405
54873
55993
12665
71882
70309
61095
66160
86290
70197
65310
72800
74397
21055
66152
66922
66779
66852
62018
12878
74900
64703
11591
29991
20085
74098
64746
19215
69453
22286
23824
81037
58080
63452
59706
70358
59966
67217
60351
65295
70031
75205
70238
73001
73800
56572
20030
73352
65514
61793
75706
48204
20018
25230
17298
31611
21084
69234
77899
24847
54390
30096
60859
68058
70504
73974
74427
51297
18762
73124
63930
23365
65531
75087
68791
27081
74814
63000
64777
68605
17534
6681
64560
66920
74939
72331
58368
57483
22956
74052
23831
55600
69931
25226
32290
63529
29471
70353
11740
71202
63739
77026
73342
63847
63448
69646
16289
73520
72610
64789
65400
65069
67484
19960
30714
26574
58583
26092
19480
67431
61915
63090
75659
31009
58237
18894
58288
72342
71321
59127
65522
66368
9081
31579
18682
67023
61514
66769
74054
63625
18630
28299
26543
69349
77325
27532
67379
60876
19785
19759
75221
21739
66360
68910
64318
15092
16299
65232
75552
58977
76994
62830
72520
25422
18116
68209
25148
73637
57413
37713
73113
71337
70450
73742
70490
18093
69797
55966
26204
60036
30367
27584
18764
75602
65008
68444
68463
75148
67615
67746
71318
69047
57348
74477
30449
69929
69033
21649
66289
56208
77946
60401
61178
65894
75495
27380
67214
77098
63246
54549
62717
66297
72526
79789
60536
66174
67100
61754
75311
26575
21644
62467
20781
59692
51415
77331
65956
70589
61340
67779
19051
66700
21699
63679
64928
29325
13763
62748
60548
72478
36977
62381
68374
15396
56947
68272
71904
58093
28923
28309
59138
66293
70335
13637
60108
27066
30597
69806
71586
69060
72530
73414
69673
74495
64071
69120
72512
21778
2901
21125
71801
22755
61559
23034
68813
60454
24891
26778
39656
75403
68990
69774
70463
61946
70318
26536
71324
60619
22448
66148
54879
57903
3355
27093
64861
66003
74763
73853
54874
63743
28661
30421
58859
56112
63042
67665
64155
12833
33927
18396
74770
66173
65390
19127
74680
71871
65889
4000
21939
28541
70131
31414
19412
16695
23082
71000
60400
24792
70377
27911
68631
8342
72505
54822
72678
58183
59842
31984
11287
69667
79544
74948
16520
62204
69773
34772
64297
27002
72343
63843
24893
65546
73564
67404
71209
18581
23005
32511
30455
19397
8270
55143
61421
6716
63506
70383
31854
7502
69791
75604
24767
66858
69992
30762
59811
27122
66488
8331
28506
63703
60710
74441
66107
62168
22654
70525
67408
69890
59902
65369
26836
70407
26360
17784
70392
19993
