28538
40641
22388
73570
75986
7514
55304
77662
20353
64590
75995
68204
29555
62255
67548
75618
70958
21149
12941
72700
77547
74452
64403
69775
19742
66330
74344
59798
72487
14552
71754
74539
35680
25904
68815
75872
71413
29195
67075
28403
76756
67630
19412
74687
70681
55875
74002
75536
70447
66490
78428
71642
22521
18933
75626
66899
64474
80935
74060
27829
70831
70113
63445
17238
63857
76019
29142
64630
79074
70431
24657
14562
74481
77648
71693
25576
64951
52657
40577
80240
26303
34164
25942
70037
22839
75421
71317
73086
67919
69550
72985
30597
65861
73946
73425
72565
12848
80342
71808
67998
56904
30415
71280
75841
73717
77060
26329
73037
75780
81509
77056
67073
79516
61621
21058
69527
67578
16828
83096
79748
78050
72803
20668
77143
19828
73576
63885
78063
63604
68547
25318
73289
75845
79526
19571
74812
7867
73101
61100
66817
70749
66400
65852
74358
12445
34947
14007
77206
13308
75195
27207
80750
74320
20006
82878
73610
30800
67024
30446
73477
75461
78056
32130
74464
72024
73969
20179
73534
35109
69898
52040
73126
77391
69297
62267
69538
7411
25321
27518
67139
81539
19125
25609
76694
35564
73173
20971
76840
66619
24515
64879
25133
71598
28061
66952
65054
66555
73325
24583
74971
66538
75350
69865
73251
76253
61944
17345
4920
76120
32734
72148
24729
71278
72102
67802
57749
74736
59909
59903
82924
62331
59519
77924
80337
81581
70843
68290
77242
60381
63344
66371
72250
66141
73403
69058
27212
70658
156
72990
75785
19332
26091
69488
67576
67441
33564
60433
35061
35960
77144
75049
20068
17469
72499
60099
62041
77150
65749
65543
77824
68574
24973
66136
72240
74565
82228
74133
76975
71981
26642
68985
68418
72017
24015
18173
74589
22412
29392
27424
66553
74984
73168
22900
73547
27713
76192
75700
57699
76789
66751
72376
78712
46268
73308
74207
83211
68827
75610
68846
75965
66348
66973
38155
63634
68438
62338
29146
31503
30908
34628
27234
70073
79148
72033
75621
24459
73360
29656
25811
21814
64005
69700
26905
69920
70887
30419
76929
75627
74110
80486
79967
66432
73162
61463
68005
62784
29955
31652
67645
33375
78225
71283
72435
68797
30464
29814
55475
31290
63470
74368
77079
74795
23488
83169
82326
76137
61080
21219
25842
67915
24527
63879
25033
23047
81790
26296
73964
32120
79500
28976
18890
35419
30232
50056
31082
28628
29800
30054
69575
62685
77137
71412
59697
60504
34636
65915
72805
71024
31340
70181
83355
60434
64262
29060
29206
1178
77622
18601
27794
81963
71540
70165
65836
19314
63521
28222
75652
77332
71255
27979
29398
67274
65566
70874
20326
81970
78068
16670
76459
71061
75165
40886
68617
79532
69834
75331
69109
20961
12913
67216
75014
62701
72450
65821
75505
80498
75796
77351
29749
14464
26780
70068
76021
82816
68258
69984
22084
12381
33372
69440
68102
82934
56581
66328
21520
78508
27345
18876
63226
70254
73810
27780
78392
62090
61832
18205
76437
83280
62699
78042
28687
61124
20207
74403
74353
74234
72087
21964
68549
71989
94449
67589
75957
27348
40448
23246
73748
71253
67997
71218
26920
76800
72491
66324
28132
29004
30356
22111
69377
78674
77395
12163
77091
76536
80014
20176
35031
71047
70438
18264
73506
68142
69900
19286
72568
76338
78005
83183
29470
71401
35749
60087
13879
20142
66320
67433
72756
17526
29561
60435
73183
79521
66096
75961
81063
26972
34495
71907
18744
69961
20069
31283
70230
75653
65050
75010
4610
26558
82202
80796
70251
26061
24693
76377
71035
69402
77499
67065
74463
66911
29269
71428
73179
16529
71072
64372
29370
72045
80322
23383
66121
71180
26410
20827
71674
31120
68959
61849
67876
26761
72194
69153
65610
27580
22453
22558
83163
82545
17165
79191
81906
73348
71694
68703
60533
77341
70052
28078
18565
77007
24533
61843
72543
71418
67226
71464
49560
72062
20688
77485
72272
79497
63477
74180
73893
26302
72910
70162
23961
66901
35674
64925
66713
30450
70351
20817
25946
74512
73651
70835
69056
73247
9519
28709
1918
64466
74668
22069
57641
33900
60728
68647
63596
73881
78895
67148
79514
74986
67621
81482
68721
75353
21969
72902
70867
19319
75571
72417
70844
82715
25470
60390
60969
80756
70156
75479
76772
71055
72236
74288
14809
75249
39839
69751
69963
82091
31558
66430
19559
66012
78335
83046
74559
78038
66604
60817
70847
71541
77158
66301
64112
66190
23942
35454
73771
66744
59758
60187
15497
69639
19308
59859
65886
77248
66180
67302
76766
70619
75513
68125
26811
69406
20132
77646
72481
19869
71188
12464
75915
69228
70807
72836
75849
76790
81156
70175
66377
75987
29759
65048
28060
74760
25830
25955
76592
71796
32127
79095
60442
75716
13337
73275
27168
76950
77401
20705
74666
12442
75113
66898
75631
75854
87439
74246
80401
29337
13463
71666
18312
76752
63916
24514
31929
32647
68033
23326
67004
24788
30730
76761
65685
71487
68531
76114
81745
77874
28549
67995
22507
79712
72917
23120
30623
18862
75285
56270
69159
64729
74838
66569
27144
29891
72285
73063
67939
68661
83011
35504
24154
77668
17539
66895
18476
82547
26840
32495
29297
70521
24399
44206
24876
22797
60733
17520
73673
74504
65647
70999
63955
12208
22454
16743
76757
68726
67164
69247
68085
69223
76486
18330
63749
87911
79501
77201
80964
26931
23599
69552
82069
74671
32789
71853
81251
69123
75678
68620
72286
34137
77338
74766
59513
26942
21446
60304
78882
25907
66519
24507
72289
70678
29729
67271
76368
71924
72544
59912
69302
65117
29922
76803
71565
18741
78215
66314
73316
34043
19955
80507
22194
17878
26922
74191
79602
73776
68317
67666
73614
18858
74667
76514
65619
80753
68248
68694
67884
67278
68787
72667
28849
14393
28394
20973
73577
69752
77328
74018
66454
79380
19999
23086
72051
73262
16365
66807
24235
78500
78359
67382
26081
19501
69412
23958
58440
66717
71936
35529
24461
72725
73278
61166
60501
32905
69287
76984
7835
17737
70370
32981
78224
70510
69470
66920
70369
30469
69852
29059
20342
54998
81020
77623
71192
25612
80732
70045
28922
73640
70697
62086
39847
67263
71922
76023
29008
14719
55237
73204
80344
73285
81288
26912
72107
75255
72373
69387
69236
66907
73283
75015
73567
27988
19621
69371
78058
29610
74497
33811
27214
23031
70361
69837
65960
80702
17002
80410
77483
18906
75466
72999
8780
82226
28894
37274
17515
24644
23872
25296
31922
33164
74993
26171
75670
38143
72733
18344
23949
76279
65104
39843
72052
70112
76600
65563
32809
67141
74553
25392
31171
61824
27757
20847
67741
79379
20993
33658
6015
28018
64188
68220
71420
70070
74372
71836
71979
60798
75121
35509
61599
70661
24530
80416
25627
70243
27215
21030
72532
77321
20758
63122
66878
69234
75590
15418
71960
20676
30090
77899
81250
66042
67473
28475
31906
45157
81675
69038
16996
72321
34634
65820
27079
27718
58620
62468
70784
60541
67822
75016
68553
72670
20073
63047
74558
19188
29487
69703
30840
24162
29851
60196
68019
72158
67689
76602
69704
61622
69422
73633
40627
74392
71975
77076
76477
72029
76062
63163
73216
25108
24497
68417
66694
56848
65936
26372
76572
71688
65856
73687
27699
73831
74282
68014
66594
28538
