93300
73160
77508
13762
79764
84615
36955
13728
72008
74103
19268
80125
88586
29425
68113
82307
44655
69778
39398
37550
69060
39438
18319
85591
81639
71050
83526
22806
42152
27561
62072
71161
83928
21175
68365
45397
76904
17480
75210
37891
83450
18122
94176
62988
83522
42950
68907
84060
82668
81544
88398
77046
45461
36319
59656
80510
82120
78030
42664
38559
23297
86817
37278
83821
76156
32568
25710
88599
31297
21317
69801
45457
36819
20682
24931
43394
39094
82871
25565
15313
75159
26335
30235
88170
87953
49170
23305
76743
29880
92100
40974
36934
36436
36026
87609
78446
85763
77755
27247
35177
65706
36232
22876
73938
84448
8338
36470
42081
41410
45446
78364
82497
73847
40918
90458
65709
36995
21862
18371
37638
92109
81865
31161
78833
46401
66629
1316
29950
42573
14005
68091
79620
18050
85986
23572
38006
43041
83213
38517
58143
75039
67037
23171
67097
78190
87101
38474
32281
40035
36715
75811
52020
44963
45652
37246
20581
41499
31198
74355
31025
36768
66797
37745
28071
29481
13915
40064
79299
38532
46219
36458
7791
40698
12509
16160
42960
70396
40490
46068
86648
20882
40837
18664
66666
81565
92107
39430
39014
36466
42407
57788
23739
46399
38158
70650
67111
57803
28318
24571
19269
90630
74985
93448
25595
14171
89217
12880
85368
79749
63671
92290
44510
86948
19960
61361
27443
84847
86611
35544
35829
93862
67462
84575
40295
44894
81811
39028
70401
87030
13829
84110
27137
75079
69506
37314
35675
65885
18400
37126
19611
15379
85772
23058
42472
80169
81535
46307
88817
14292
88656
83503
85400
36236
40966
74323
88984
70468
83686
86366
44698
94506
31873
81350
77998
93298
64519
71091
45133
90526
69498
19173
70672
85770
42978
68385
17272
90535
74845
79776
32184
16785
85009
53869
70402
77469
80260
61981
67203
74851
67453
73669
59843
84741
84259
86438
92503
83784
70324
23940
46581
41055
9617
78708
91709
46584
92129
80922
22456
39197
42150
86530
76155
42144
25443
62430
89329
80434
94431
19835
42129
79432
18742
19274
43377
67671
21480
21189
89091
89736
6816
88582
16963
36195
41608
87236
94143
88667
66925
79286
24409
20104
21301
12754
63103
42597
55405
42848
40630
21468
91506
63983
90633
74241
39434
18474
74112
88834
20396
36693
46914
74062
70350
87621
85411
80845
91211
74545
46077
26628
42145
30551
44910
82406
53257
45335
77274
69526
34654
19519
23080
75983
30347
76077
68742
84603
69078
71213
84482
62971
14838
69551
83718
89778
63024
41028
44517
19827
12232
42854
34299
49807
76084
94137
83529
19377
8995
77420
54336
65822
82598
83549
11335
71444
73322
69769
72825
88437
93660
61888
57377
85205
65984
75516
20394
67467
15118
60898
77059
71498
88743
24411
84667
40215
84105
94961
78670
69299
77799
62277
65606
19469
1235
4566
31715
31302
73374
29598
40004
63111
15377
82823
39060
64261
66057
88081
76928
41225
54229
82203
28744
74759
87097
21033
65605
46977
85584
83449
39182
35006
78478
18497
36908
22366
18036
19505
43758
81725
38957
81618
43033
70435
63465
89326
90433
46108
79305
84596
88193
37864
60622
36606
85767
18114
3159
91198
67463
19693
46289
80736
44505
42841
42662
41242
19857
20072
39641
84718
82442
61049
78344
34539
67368
80175
42399
31152
50751
48513
39184
44979
37421
35268
54949
92939
84501
81308
66765
61884
90459
65559
87103
36713
67862
87773
3354
66171
33827
18006
71966
93300
