564
12145
10739
12061
13333
9335
7794
7078
8592
8355
15042
9429
2019
8172
12827
16250
7243
9422
9542
6316
2651
14784
9044
16191
11572
12122
12763
11915
15328
10379
12753
16267
10768
12614
11390
14340
12321
7853
17808
17596
16750
15133
5985
11071
16200
14791
6510
16179
10787
9104
10441
15646
17016
8916
8653
23789
7684
11607
14220
7221
11393
13893
21665
9515
18778
12506
9598
8822
2113
16199
19962
12929
19229
10483
21661
16270
10927
13966
8999
6384
12878
18356
15953
17440
10934
13106
14985
8286
14412
11983
18087
19565
19363
6130
7842
21521
12249
21114
10299
22140
22216
14625
23097
16975
23011
22467
22761
21694
18770
16971
17964
14514
22726
18960
21559
17033
17868
12135
21752
20191
15257
20528
23524
16901
19224
23720
25913
19365
23298
15027
18063
20620
19662
21492
22124
12882
14986
15786
17920
18724
15947
19886
19618
23201
23290
19381
22655
16679
17875
15603
20723
21804
23256
19343
22248
19668
18355
23960
19937
18475
21019
23626
21889
19179
20909
18534
19318
21579
18338
23669
18362
13686
23393
19953
12383
23402
20830
17286
18402
12250
21986
13005
21300
22942
18771
21079
14252
21670
22940
21905
23121
22595
15146
20242
24202
22143
14444
16339
24629
22658
15479
26230
18069
22646
22040
19985
22032
22598
24041
28713
18144
18827
28947
21902
19454
16943
27926
27602
20672
29742
24186
22665
27470
26107
21148
21770
23813
22262
18662
24725
18903
24609
23873
27063
27365
19612
27295
22264
26946
25359
22904
24420
23164
24067
29722
22176
21155
27866
22221
21184
29256
25048
22594
21284
20048
22066
21164
27059
27553
20589
27503
20551
26657
20857
27544
23931
22339
20814
26719
29480
18021
19690
24246
21975
28914
20842
26111
28467
26994
23291
23156
24641
19119
20086
25744
12018
29037
25138
28438
25737
26321
27731
20397
24402
24832
21651
19357
26549
20296
21046
27455
25469
25703
30136
18035
79983
31464
18931
19266
28331
27576
25302
28531
35211
26411
27397
25675
25940
30502
28281
34646
29064
33315
27196
28938
33489
33622
24024
24428
33595
21558
24169
22892
33011
28647
29762
30288
29155
24688
28199
30672
35683
27389
34909
26934
33419
20184
27097
34114
34038
27253
32056
24911
32631
30135
31428
33587
29113
34365
32962
32549
24485
32624
31650
33282
25605
31914
30854
29787
30712
35462
35459
30610
18352
30369
35205
84198
30173
34858
32209
34902
31815
28015
25799
31051
31826
33502
33303
33252
30174
28767
26861
31886
24123
33485
30006
30870
28569
32066
32664
29571
25348
24797
23899
35131
30014
24422
21214
27417
18013
23080
23159
18474
34647
25761
25738
18175
22901
92241
29476
18484
83410
94684
89824
83509
85711
85417
82222
90659
87217
32016
94924
29607
86489
87823
85054
77918
79974
94397
81423
90499
88228
94181
89992
86092
87801
91330
85154
91766
94485
87756
84548
85825
88760
85273
89486
88821
83342
85826
85491
88801
89701
88715
94350
89773
91091
89343
88676
86689
87839
87041
92495
94929
92128
90313
91677
88321
85418
86028
95082
91159
84180
94749
92021
87121
86536
91573
88940
92609
93221
89642
86498
94784
88491
92928
85307
88941
90003
94715
83744
88209
89240
87058
86735
95038
88054
94767
90744
86478
89818
92317
83337
92902
88113
86703
92655
85648
86479
92454
94509
91173
94331
88390
93131
87968
89925
88109
88730
85383
88943
83455
86725
85344
85370
3814
88614
90756
90579
88570
90604
294
94269
91842
86949
84125
84036
85853
92644
93831
84736
2371
86618
92904
89605
94046
84326
94463
92759
89523
90613
552
94083
242
93428
89235
94241
84025
5825
89987
243
92053
1315
89439
94297
5701
91805
94775
88717
3589
263
4030
4237
89596
93751
3855
232
118
92869
5944
252
5762
826
1380
91070
2268
557
94052
91828
91902
5449
46
5935
94672
92360
94654
4083
94840
92785
1353
91462
93825
91472
5668
93703
3934
131
90738
5933
91953
92329
93143
1702
877
94310
94065
5696
92131
91073
89499
92336
93939
2095
2631
89935
570
93791
560
91661
4004
1679
93987
89586
5712
5946
1351
390
2311
94302
4061
87636
92404
4784
2870
89253
661
1246
91851
91431
3537
83312
94106
94204
5847
2804
85324
4853
91670
94889
5011
92950
3235
92447
93070
4489
576
538
955
4388
5532
89485
3374
3986
3542
94712
93717
90092
92670
4178
850
1646
5555
4011
4132
4728
4394
90143
141
788
92608
577
90329
5406
10900
5863
90712
92760
93458
1644
5248
3805
1626
95132
2633
93215
93919
4300
9765
3369
3506
5760
4387
3709
91092
89689
93028
94568
7639
5131
1276
11832
91958
2768
2154
3021
91127
3440
5318
11672
4296
5347
91591
94597
3608
5228
90401
7671
9939
6001
3694
6192
2597
4595
4734
10602
4720
5540
749
6193
5506
11236
6460
2760
5502
7653
11815
9544
831
91569
747
9979
6611
4479
0
2702
5084
4400
2950
10561
11668
351
5500
11247
4644
8075
2609
11411
2586
10303
8254
2105
3314
194
11641
6173
1645
7693
6812
9278
3912
7980
6372
7805
5670
2003
1470
9706
8071
9209
9168
6504
3417
11659
10088
11850
11848
2362
4085
4258
11678
9715
9402
174
3193
16516
10007
11130
9369
11223
11440
11446
3248
4441
11802
5284
10320
473
11625
18621
564
