34728
36148
81891
40711
85694
87425
9992
4462
38403
37363
38747
44057
50020
53455
41665
77949
92566
87514
48821
89802
84374
43449
46251
92539
94748
90548
87078
90626
77650
44287
89380
86493
47493
81925
557
77038
58488
42525
47339
92597
92535
83685
35901
88309
74035
45226
45091
77801
45742
84253
51986
89809
73276
50891
84139
84649
32037
44684
87586
83304
85577
94097
89829
87244
93329
82103
9429
34994
88763
84111
85348
79535
47162
51912
90124
91053
50849
87849
81982
4600
73647
89358
72261
41527
88603
36764
1881
88856
89786
36207
84395
83322
85685
40204
10389
53424
46299
88274
80236
50347
91141
90733
47742
50939
94284
86498
49135
88287
81960
38401
46028
44636
82320
90013
80585
84835
11141
66828
90679
40427
43398
92027
92824
83874
51183
4127
94386
49736
5865
90770
83543
33151
79630
85365
46696
82669
86025
34368
86742
87990
92915
45762
84041
36889
87930
34307
75184
72105
38208
36801
43549
84837
50907
80369
79738
50583
82346
49172
83946
37499
36644
65962
48551
42035
75125
87036
83114
82381
52979
36708
76440
47112
93814
84238
41862
91915
44242
85681
79882
92757
82763
34437
83994
86244
91038
81884
36129
42572
41531
55124
35168
37927
50314
53519
94276
47565
84536
47776
82391
30218
10216
83012
87518
84350
47730
83260
47917
40173
81223
43343
82991
80803
71790
2269
43543
77138
91229
50833
7394
47580
93318
5397
44003
41981
81183
30688
46795
41673
92018
95105
31410
86887
55699
82993
94704
81562
88785
94843
47936
83842
83598
47422
78807
86832
45068
84606
85391
89185
44519
84331
84398
93902
80654
43261
89265
80517
32474
87579
87166
73311
47251
85131
22538
90957
32788
84611
37150
48107
45433
91410
89260
86113
1108
864
44880
48263
95172
36586
74418
41978
84870
84135
86647
35587
45533
82967
94405
41277
37383
87900
43745
86558
37225
43797
89899
88675
88019
52162
88601
47986
79792
91987
4603
82725
82456
87432
79689
32383
93180
41009
93689
83604
93355
5468
69586
38831
92965
83179
86135
84206
53982
40099
67316
83637
3541
37354
87400
43545
94684
88647
88682
59256
39867
80280
40724
30414
40515
82400
42361
46282
42522
43007
36579
89020
30650
42158
87265
36291
88050
85182
85168
79110
90239
80501
33660
92208
86561
47382
35400
43254
47659
2186
48279
82492
79578
3491
42021
2991
79025
957
45697
94695
79276
90921
83691
43164
46037
38609
87662
85983
84782
90994
79960
41083
69705
93254
47357
80404
56682
94948
43161
54986
87185
81573
77030
41742
31439
92193
44229
73416
82562
48779
76914
86313
84910
89998
42631
78242
83938
4043
51744
83947
46090
84098
78968
49136
41668
35359
49872
42647
41670
81243
30783
82175
36031
76666
40877
47876
79965
73000
80291
27896
50750
80943
44301
93964
5384
52212
51771
37183
43347
86423
40180
35709
71969
88594
37114
78494
2774
88420
85134
50405
91063
36093
75192
86957
77810
92237
40939
87401
86315
40217
47560
84085
42412
43637
82844
87758
88574
92007
45115
49844
80532
78013
50121
93277
79661
94807
1675
89192
85430
58710
92354
89633
47903
46979
30677
46844
44747
40529
50970
72428
79975
84396
78279
93076
93955
42873
46314
83480
92685
88985
31716
30757
44072
87723
40781
82388
39353
89259
71760
89190
72026
89317
92720
90040
40978
72653
92776
91372
49331
46864
88747
49843
47302
37328
30584
92803
43391
86378
83301
43680
86368
57990
84817
92954
88565
39486
79699
31339
89613
2251
89092
79815
88447
82779
93365
84974
78040
82155
83977
53307
89950
82854
42128
35098
84311
77557
35375
93173
53442
46354
29978
4238
79571
83372
84338
45105
2997
93125
93087
91122
46978
52248
88965
79849
11866
42620
75661
82961
89159
5357
90422
21684
76322
87035
51324
89262
77893
84775
41827
87857
90364
37640
90564
93572
30453
93584
84140
44677
8257
38151
93767
88423
86572
89125
73052
76895
80170
89700
51859
81165
45362
80795
36493
80921
52041
77433
87657
81829
83569
37318
52011
39381
37560
85800
40682
79047
94854
40131
40174
41360
72208
85478
46486
48692
94571
51310
81260
84120
91162
85152
94538
79704
35917
84356
83328
90612
42751
37014
91860
87069
38816
48410
89285
80312
43341
90044
90484
36804
78278
86512
85883
88705
46814
92475
38905
41897
94537
92228
42975
40732
85908
43023
78679
40012
46643
46862
80359
57233
45067
51139
45018
78829
58898
10376
31844
91764
55085
8863
45689
49970
36911
95038
85597
78854
41306
35958
36189
39529
94912
37482
48026
89493
55735
93144
40316
2631
88525
90099
80095
86234
93874
88391
79278
91291
73436
87087
43019
34962
88633
87299
39008
88764
30938
79638
53521
33673
3347
84894
51717
84955
5735
52780
33968
41686
89453
38057
75214
94456
42390
84337
51630
83461
37022
83347
93243
43396
4429
44331
94687
92024
36862
44612
39295
50739
40684
84465
80115
87495
78169
88904
78843
39150
93323
84780
84909
82070
83581
89340
57994
86813
45900
93401
42888
85352
85542
94133
58117
80079
49115
79802
74827
54985
84834
44269
52566
81921
84791
93325
52443
44218
46256
77130
57782
84236
51192
976
92666
79206
9051
58451
71834
2364
86809
4464
46300
88076
43289
37526
95155
41114
82820
93220
76811
88014
94974
43166
84437
36883
72577
83471
90874
36860
88373
89673
34614
84406
73237
90557
40663
52527
85170
44598
87589
41420
78373
91361
95181
87809
78080
52095
85015
87388
13479
84357
84913
94552
37950
82594
78817
42394
84035
39551
78326
47524
2057
88518
4865
46873
79322
43570
92897
81846
81510
88722
91282
88847
44614
55028
44853
82344
38312
92748
85737
92505
92111
56946
45683
37917
38980
46057
90856
93362
11768
40537
52608
81249
69507
42024
42315
84210
90848
92967
37523
82975
47320
93725
88125
73030
39548
45324
47463
88294
89150
2443
40532
45974
35372
90491
84502
45354
46327
82047
83863
43439
40834
89750
5202
9942
87428
75356
286
58459
81872
32199
32368
43368
87170
90324
49512
38721
42389
42736
85589
93892
43392
58408
2280
87593
86999
79577
4466
41027
3580
46865
83490
76533
5177
73414
24221
31723
93828
52998
93586
41748
38909
44731
87675
45193
94941
90939
93547
87429
50639
89973
48276
93589
41676
87766
35517
88789
82223
88531
42925
91337
44907
86683
84787
53454
92474
43245
86215
85752
42812
4456
86054
28857
95153
42395
82465
91918
75365
45685
84794
83411
88784
88540
87181
90599
93651
27894
83856
43620
81317
91523
91618
84094
86307
81117
40300
26515
38213
80068
83419
37542
78284
94673
89983
84969
44394
83687
10703
89324
49108
45390
35668
92499
79173
86351
81557
88136
95078
80262
88774
89279
51988
37337
82855
42048
87099
42321
47762
78375
78140
88381
88379
77804
3664
92969
33034
29926
38969
45352
80242
37453
91739
5941
36906
29554
50223
89888
85191
38731
46452
53376
88134
34274
88318
47506
82118
88010
90986
89661
77570
83648
44084
63619
84042
32523
45366
77125
38277
91990
50671
48305
85957
79762
86842
32069
87297
77651
92823
86503
45716
85281
80013
82029
81952
85988
1596
21311
95091
93256
42986
92835
71593
90538
43087
91503
84452
86823
85165
80988
90498
90764
42865
46666
49968
89267
85790
45740
51411
87775
45130
87151
85417
80626
30923
46598
78496
47571
95163
87650
90348
94334
37997
84737
93474
77587
83721
48223
71956
51331
32114
90240
88201
29841
47381
81924
75542
94392
93473
4503
51269
87922
85743
85346
91379
80941
72524
84241
90196
89953
79948
38832
87729
89278
94193
84328
84789
39357
47316
55946
36646
40275
29322
87395
74582
95146
80131
39553
44172
85977
83733
43083
79156
38779
44778
74874
78281
82208
58897
93361
38160
88926
88380
92148
78800
46127
49750
34998
87732
79940
5947
38642
46906
93479
87274
40695
90412
81265
11779
40485
82466
51172
46953
92609
83551
41500
42527
91657
87021
80780
3009
713
90713
47000
83690
34438
40936
79623
43470
82870
79198
84591
50575
92761
52782
82425
29914
38715
31636
93478
85429
1695
48872
37304
43199
84939
92859
89212
94406
45769
86069
1229
75761
41020
85768
87801
88552
57690
46261
85869
85344
95107
90701
42314
83307
84613
93757
37773
95066
33908
92964
43829
46776
78632
86373
31869
78731
90516
55084
90684
86168
93952
45064
28069
30052
46298
45639
94288
94317
89292
45467
85238
79014
84336
35369
77614
83914
47423
79008
1920
90002
3160
91274
9493
88032
83554
45028
42754
87798
41373
87717
46302
87646
47310
92796
80782
89352
45534
36765
84930
39444
58276
43808
1446
88262
93106
48094
30839
84846
45017
86538
88006
81814
90533
36509
82383
89529
47595
85950
88388
86165
85045
84415
94189
91922
87765
92229
92958
39817
87231
95087
39495
90758
81498
74893
52946
51596
81125
92660
44236
10882
83493
84306
42330
83337
89939
36449
86126
45243
73575
45651
38920
84033
73384
40083
34644
36496
52008
41509
90767
88780
42941
3677
50248
37347
85130
89403
91545
86141
85649
94650
15741
82471
88788
74697
78826
44769
44700
43733
41814
36274
38682
90837
84555
20512
87672
89616
58114
47248
49756
94052
82554
88417
94600
22093
41689
72423
85091
39240
89220
87052
43533
43891
42169
44330
91343
92124
86761
47561
92321
90753
1516
89747
11739
35394
92343
45440
71784
94995
36809
50943
35490
43109
84929
42532
79228
85734
95016
88037
94136
80012
45355
35898
37578
2043
87145
49973
45664
86052
86654
86946
41836
82923
44395
66855
83256
44262
91810
84651
81890
94374
72489
89627
95180
88917
39649
36745
90683
84108
24168
84646
88612
85949
47466
95104
42309
46847
52165
87538
35002
56455
84209
94570
81560
81645
87670
90295
79258
87079
55121
43818
94344
44223
88986
82111
88121
82783
37637
78280
38667
84525
87992
84013
84795
24364
87970
5786
84407
41422
92386
77349
86061
56688
39672
38431
90933
43478
87864
88721
26144
51759
91260
40544
33591
87119
47589
2813
33190
82761
45216
91530
89675
81168
87333
78751
85686
68158
81810
94128
88816
48996
42041
86895
90822
52802
46292
42549
93848
77644
53327
80904
33532
93997
88376
46033
85929
56197
41129
51764
47807
33953
87397
88504
94797
43735
39275
41394
52755
92246
83246
37799
84564
88066
44140
44816
91325
45840
54792
40982
16176
5939
74257
79013
87148
84325
83293
88838
36006
87249
76230
81080
89489
89012
37155
91039
93636
78978
43421
91984
82847
94551
92863
81820
30309
91648
94917
92044
46236
80078
41572
90722
55233
78692
83325
38462
69709
73920
88799
89824
51140
39040
85406
83790
88271
57808
88324
51318
40484
88426
1739
86181
40576
43086
92369
90760
94841
91778
49503
42051
88017
47877
85239
47349
80363
39871
33349
42465
25056
89617
88859
90988
88634
53377
88020
77371
41960
78801
43453
78197
36529
75950
52423
92916
38672
42430
50745
38303
33311
85363
47514
42288
51767
78987
87848
44126
72327
32767
52970
42648
68104
90006
45149
81124
78704
84659
86408
79763
2262
41471
90390
43477
38358
158
51982
86900
92370
45451
78045
88846
51397
57579
36808
79378
36767
91676
46062
90186
52543
1684
50764
44994
26486
46474
45481
34874
36255
35463
47040
47028
88800
42711
38400
80119
91028
83502
44081
44341
86949
38946
36519
82877
30690
85422
46531
52878
36385
36712
45727
85229
35832
82163
71491
47334
79539
58138
38589
89406
28585
93461
44248
43283
4343
79033
86255
94545
49063
79160
21994
31215
46054
51740
84036
85195
88811
85970
75885
84359
89268
83932
40697
71849
85801
51783
48281
90051
39313
75064
90846
76779
94321
46058
86465
80066
44613
77063
85992
71837
46044
70130
80241
80700
38733
43811
44156
86184
31040
89191
80525
82394
86387
49276
38902
39524
37825
92586
5790
89908
42826
88781
4935
77901
38460
86420
90978
90574
93534
57592
93138
42164
94235
83492
42746
89014
82114
38781
41797
33960
82351
88411
94338
87243
36528
84495
87389
49755
86632
36403
37395
83007
90771
50499
38819
94457
45255
79947
27419
75147
91421
86374
82964
92960
75158
92683
93805
77578
46671
49271
38992
54563
31192
1095
91041
45822
85984
83098
47661
87788
41945
94534
87287
75433
83055
37539
38411
86482
37424
44537
45847
83748
40216
39221
49132
39224
88467
80550
91542
40933
93139
41675
42217
37814
92713
41002
5832
87128
57575
52112
81034
41030
42743
78665
92678
86066
36303
83225
93946
72291
53057
46060
43892
89484
85119
39797
45394
51750
2745
93040
43778
45361
92325
85074
87972
81715
91272
37619
89949
83171
86004
79131
32373
73487
93994
57691
43168
94436
27566
83717
38433
80962
47654
45546
80466
36400
5785
24607
85967
90981
93855
91400
93697
84937
53675
3350
83559
80162
82951
79123
31112
81167
83084
77992
80080
45248
86867
90231
25719
41130
41881
43761
48856
87362
74664
86511
37349
36179
78742
52097
89450
4612
93667
51935
40328
88841
81774
84186
94306
85906
80645
81048
92038
79142
79598
74428
88250
84607
87957
79529
81974
85569
89201
77693
41819
77814
57096
48577
87463
83483
94044
2372
40670
86163
5264
49964
49118
40756
93281
34236
81904
37321
83359
51461
300
50731
11336
77518
41724
89137
81389
89981
81136
38917
4158
35754
87964
92333
31480
82676
93275
77018
91324
43279
65792
54987
81065
43213
53419
88536
36971
89784
87277
72442
10378
44814
49854
53316
44176
88406
87745
43167
77045
92697
40637
41813
79112
77160
37760
89743
38549
90875
86496
42342
91669
91732
30947
81828
91062
85040
76089
94439
84503
93890
74542
88213
79057
35377
39646
46146
79624
95116
47878
86205
92513
43121
86674
86816
89064
78530
36963
90119
46105
83346
38550
86043
35005
51658
52342
85118
85846
3257
88094
83992
86087
94149
87417
43763
36340
83800
86779
75003
55923
91370
43897
83771
79626
45104
40474
84849
38323
42332
1338
82800
91163
93012
70210
84132
49698
95095
77627
44391
77832
51591
81589
51509
30088
89134
83981
77925
38378
87834
80069
37573
87360
345
50757
84038
77865
93810
85628
33918
80044
39062
39507
89257
89621
94580
87239
38319
43983
41325
46144
86760
39378
38397
30160
84401
10098
81261
65595
30686
32034
82690
90587
50342
86768
44877
2189
45086
86968
44251
79787
45375
40960
84037
89208
77037
39156
1911
39803
93549
45604
90914
45876
1540
39814
46170
86023
66873
91575
85852
79284
2874
85872
41192
91484
58189
79859
35962
86097
89207
82030
4004
1187
78244
39136
93242
77565
40726
80108
52822
90870
41254
44199
91608
38981
36903
82767
52045
80612
83633
27282
45448
89334
441
94902
45271
86267
38534
90872
71825
41532
43679
40001
94275
84002
85286
90114
53405
87547
36045
83700
79369
85174
91819
87484
75657
77567
83968
81893
46338
80196
44917
2436
39012
78229
89655
7006
82568
87418
42381
87486
92509
28847
38036
83656
47486
78887
85931
80374
45667
38383
52941
92840
42151
94632
89906
84353
76566
73177
38652
92789
75119
47499
94620
41785
85120
42748
30074
78996
91135
86584
91320
92545
76257
83797
42599
74900
93238
80759
36881
38976
88367
85166
80459
81716
92656
35253
40081
90022
87206
94556
40196
92818
75031
83082
53207
78795
32468
80719
93100
42232
84619
81797
92696
44282
85989
48843
74852
40258
52589
79094
2121
79288
85435
73623
32699
93654
44152
94114
83602
5929
52506
87673
81709
46859
84850
37607
37197
89130
32341
59324
78982
95060
39515
81203
41011
38314
78737
71399
36015
89419
34836
79405
53149
77498
81866
90109
88691
72658
80116
85265
87695
93682
82656
89065
47523
74865
80279
42272
82696
46406
985
84384
80350
79574
94074
89729
47054
71859
77932
75738
82675
92986
95065
95015
53596
49747
31502
89726
36756
90343
45971
55568
86501
92784
52759
78135
38365
85245
35745
42016
93897
77163
35888
43751
92722
92225
95098
78453
27260
89288
88436
86494
87686
2913
45981
44274
71893
79667
89570
94409
75644
78723
66714
85186
50224
84567
89377
79783
53495
37597
83415
41822
48687
84400
1519
44741
43256
44921
90706
88198
79857
93930
33312
87981
46213
44388
42491
5271
90832
92422
36040
46732
37646
76783
55588
5787
37861
93563
75938
31441
45070
41811
14307
94014
51277
45239
85461
87485
44899
53418
39527
39170
79320
84456
52848
91408
80940
88729
83594
49967
56448
85715
76164
89198
38293
84807
88723
93397
52994
86661
89982
88994
37771
81313
72325
42355
88734
53420
88755
82328
73564
41761
74794
92002
90615
3683
39640
45586
72988
79398
84785
84934
87536
81877
81172
44792
81700
44746
53621
94541
4066
89922
36575
79772
95106
80568
51011
53280
86960
86903
72226
71933
90406
76439
67712
87423
85769
81848
88569
55219
90045
43979
86758
57088
88428
91645
73819
71032
82180
93884
89188
45593
95055
90681
83399
63637
90379
43423
84916
80443
89109
82969
89447
82044
89187
71485
35823
45707
46536
43777
93227
34735
89610
76235
36235
84304
87545
91840
83145
88528
91893
80731
93204
43317
91125
83473
84665
92847
48951
44417
395
85875
81831
44886
46163
42982
43172
7395
84650
94925
86671
85973
42193
4573
53539
58483
27506
82881
43990
37059
85175
89287
69478
77562
40278
41233
50762
86274
88896
43351
3990
37837
45411
93179
78834
42815
86956
87984
86711
32440
58720
35959
94589
91606
78444
42554
90457
84987
53607
32358
80894
87827
42018
1233
88646
95160
1053
38176
86397
43438
48594
44056
46024
69620
73933
38374
32051
54822
83488
40505
94763
1544
51505
30203
86748
92739
94754
45083
92218
45427
45991
41767
41991
51916
39590
69379
78521
87001
92727
4997
43828
47447
51626
61246
79651
46400
35755
87823
87134
87406
39026
43571
88097
87075
86618
80028
89519
83177
818
35887
42162
92406
79040
37324
2916
82662
93270
36342
37162
39578
87405
43615
88390
89204
38693
78269
46313
41435
4050
88551
38415
41901
52203
44993
87915
24198
67
89573
34478
50883
84738
44227
85261
84600
37867
32476
94402
46358
38916
68520
89976
82572
87592
88217
89537
76905
90338
86604
47044
31465
80246
92741
44825
92477
43451
85350
51182
38226
80390
47027
82727
84582
93468
81149
95090
75488
442
38863
38298
85754
82214
43114
50670
89934
2754
87054
33732
78734
81973
40428
38626
87974
86862
3934
14944
47043
94209
73087
50733
37758
39308
84263
79079
86728
85381
90611
87934
89913
47646
91327
40959
90328
91423
39244
3
78401
72566
92214
45221
88853
43436
80076
80090
8
89096
84516
86588
42690
50353
35362
71414
46747
92269
92420
45612
40799
81324
71435
1543
71916
42919
80710
77375
88665
36588
49857
18415
78906
91051
88805
92353
75718
42278
78789
82580
87681
90791
84143
88440
86342
91006
45627
88622
91381
45565
39542
5948
78082
42995
87626
10560
88372
38235
91207
80934
90512
37723
38495
87544
79219
40231
78757
71644
85280
46557
43280
76381
43330
83574
32616
92384
40378
37519
94908
89223
43322
78921
42539
75084
93738
3017
84100
39661
48318
73746
78087
43911
49363
80052
87018
2989
30896
86164
38156
79175
50581
82678
84264
37060
91983
83067
89866
88080
80947
40827
44640
74536
45021
50071
77898
89389
77847
41858
77373
83443
92550
78599
83708
47740
7529
48836
42316
73264
83175
43455
80433
45528
94958
84589
85431
4750
88289
78047
47460
90553
41086
70717
25714
38984
31234
88737
95057
92478
74677
92207
94448
41472
41643
84167
81128
87015
89552
39364
76177
82441
36863
39082
80475
85149
94916
51144
36516
89353
45643
87851
80432
73260
49771
86568
9987
90884
93603
73622
35278
87824
40259
93406
37037
44397
84562
45990
46340
45575
85972
25280
37518
73500
95143
74097
36714
72057
85817
39830
57535
78488
31979
93332
77666
54
39013
46995
83673
82648
90976
72872
2265
44136
93948
4014
44736
42327
5604
40533
90407
90418
84269
83659
44990
90805
76717
81582
85089
83479
65729
40380
50293
89826
86998
86263
93426
88425
93625
91501
48829
47937
90751
51984
87317
44923
93417
44054
86520
30169
94894
49330
89154
88690
42234
79310
89558
30488
73721
91417
79225
51227
82543
44365
87876
91030
93998
90346
80005
36191
84162
89133
2763
88325
94498
87680
43672
4051
80287
91675
85231
79109
78549
91682
79690
78990
88530
71614
86729
79416
42119
37459
79914
77674
79890
50609
85946
74786
45147
95101
68510
75004
41099
65811
87335
78927
90503
92328
85812
92764
38283
79315
42284
75832
5086
41538
87904
90759
42464
43338
88234
43831
84652
38750
91582
49634
83653
93937
51586
93157
29173
10116
36443
91504
83627
4520
39214
51919
91420
37696
93235
88419
89947
81605
85540
42179
91047
75318
93590
54220
24555
53413
51716
4324
88148
93207
80325
76938
84664
88907
85133
80194
45267
42795
38339
44942
87000
38280
84529
82625
62
46806
85912
88103
87256
39552
36450
80402
90925
31422
93410
45957
36815
85425
88000
87808
89882
91224
72819
88270
70
80623
19575
30342
42290
82374
44053
85477
33020
44293
39311
45450
85784
93803
89316
79643
34399
31937
75808
91388
87703
89683
78922
82076
4649
94641
45512
37556
45238
85019
84297
79925
82367
77543
78340
42872
52267
46026
91341
43754
87144
88268
47698
36056
38782
89163
42063
42473
83286
95166
43825
92775
51594
93894
45363
4937
91728
51554
94410
93453
53374
36671
89620
78886
49769
83064
87571
90009
48525
49137
35851
88840
85805
86508
86762
86581
81896
52425
32211
86644
89756
41012
84215
93492
82053
51582
92009
85749
87379
83545
93404
29842
87638
85148
41428
91094
82716
43658
69276
45201
85333
80633
87702
84455
84291
26197
87013
92168
77628
84993
77761
40410
30630
89754
73065
86578
18375
84372
83632
86970
39999
46480
78836
87651
87310
77366
91353
40658
81087
45978
43796
40109
82195
148
95052
83504
3147
2985
89018
89792
90292
56453
49150
81889
87563
84986
44846
88202
42091
86586
73411
92585
89024
42619
51472
84854
77791
45056
88626
39894
79461
86722
40372
86598
93259
89674
74410
87220
10565
75577
47738
73408
38988
83885
41131
89025
89761
84196
89470
82997
85723
46937
41948
76390
93566
78412
92805
80651
85998
37008
85626
88105
87812
79662
47662
81813
92831
85110
92388
52251
82757
81319
90930
5255
49240
92604
4155
83746
46907
76751
47726
83170
38804
50016
83143
10398
93319
89034
37038
31068
90652
81847
2521
88216
78587
89399
86726
63446
44139
82412
81494
93414
73466
53357
41302
2027
82457
50915
46899
49130
86248
40606
79770
82354
36999
81050
41098
18219
94491
77945
88982
94619
45979
91809
78625
92870
74426
44902
69806
84147
89769
75400
46235
43380
86886
77355
86574
40284
64
39052
87655
44639
91612
46632
90620
88137
78476
92020
37594
86660
74595
36972
91477
87699
47465
35982
47593
41927
58424
32032
51770
44626
88298
83401
35919
72147
80762
73916
37407
79988
38406
87894
80285
88602
86227
79860
83638
93950
42077
42734
82597
43912
79937
84735
80506
51840
85210
46494
44796
15204
93196
40676
53356
79646
87062
94599
77758
78606
79442
50498
78830
92613
37574
85966
91281
42721
85178
87521
5764
51907
91697
30101
87515
53411
39712
82954
74634
83582
82982
4947
40466
76755
84179
85164
53298
7530
86848
75220
32778
54633
92875
86406
51325
79054
85810
46729
83905
72588
74577
52678
87796
86505
14662
90504
42406
53094
83577
34570
93773
37694
92896
3166
44616
25943
88775
46175
40458
51369
87831
61240
46909
82932
83983
94316
82019
41535
74856
83423
37538
30909
36289
92947
78774
53382
39296
45731
92457
71941
89894
5931
27471
86455
93957
35189
78841
44064
80046
46800
87969
89123
36640
40170
10684
18714
86383
37063
88795
45980
82162
78236
31969
45608
44543
95114
94932
58192
47344
50035
92668
82666
47256
34791
91901
46454
73404
94927
30878
92779
90948
84254
85522
36315
57594
89101
82201
42958
45548
93090
45377
45372
43376
18003
41013
84054
47600
45387
31139
44601
88138
31145
66584
49129
46209
87264
42490
76977
88255
52736
92533
39556
89094
93981
44159
36525
86201
93677
38316
84133
56004
58515
42864
41982
89897
79263
39994
74840
86083
45869
90723
45456
93331
4399
86757
42820
48930
76449
82586
86252
79581
36758
52047
38289
53409
92999
42604
78174
86182
38623
72173
54598
72512
82389
79247
71574
48684
81408
45262
85310
92806
54128
79072
87835
44065
80772
43282
86518
92573
4402
82509
83467
2152
88527
41857
77488
33214
89139
88786
78931
10851
86314
86495
46960
82327
46724
82768
79134
86411
50942
39851
81556
34728
